# Solver information
# Time        	U_solver      	Ux_initial    	Ux_final      	Ux_iters      	Uy_initial    	Uy_final      	Uy_iters      	Uz_initial    	Uz_final      	Uz_iters      	U_converged   	p_solver      	p_initial     	p_final       	p_iters       	p_converged   
1             	smoothSolver	8.766500e-02	8.402010e-03	7	5.924760e-01	4.692110e-02	7	3.972670e-01	3.642440e-02	5	false	GAMG	1.000000e+00	5.882620e-03	5	true
2             	smoothSolver	3.849080e-02	2.997810e-03	8	3.892920e-01	3.879330e-02	7	1.603540e-01	1.343250e-02	7	false	GAMG	7.621250e-02	3.304990e-04	5	true
3             	smoothSolver	2.001440e-02	1.763120e-03	8	3.005380e-01	2.365960e-02	8	1.089880e-01	9.869810e-03	7	false	GAMG	5.209580e-02	4.997300e-04	4	true
4             	smoothSolver	1.355780e-02	1.234600e-03	8	2.425270e-01	1.848970e-02	8	9.844540e-02	9.074310e-03	7	false	GAMG	4.568260e-02	3.957550e-04	4	true
5             	smoothSolver	1.052720e-02	9.235380e-04	8	2.090820e-01	2.064460e-02	7	1.014390e-01	9.477450e-03	7	false	GAMG	4.122550e-02	3.348820e-04	4	true
6             	smoothSolver	8.505970e-03	7.247110e-04	8	1.872490e-01	1.819370e-02	7	1.068630e-01	1.018860e-02	7	false	GAMG	3.692330e-02	2.764500e-04	4	true
7             	smoothSolver	7.140890e-03	5.999120e-04	8	1.687500e-01	1.608720e-02	7	1.168850e-01	1.114000e-02	7	false	GAMG	3.292030e-02	2.238310e-04	4	true
8             	smoothSolver	6.132780e-03	5.213590e-04	8	1.506810e-01	1.406400e-02	7	1.277690e-01	1.210420e-02	7	false	GAMG	3.008420e-02	1.804690e-04	4	true
9             	smoothSolver	5.371270e-03	4.650940e-04	8	1.349420e-01	1.236360e-02	7	1.344610e-01	1.267720e-02	7	false	GAMG	2.796840e-02	1.485020e-04	4	true
10            	smoothSolver	4.797020e-03	4.197040e-04	8	1.218610e-01	1.104340e-02	7	1.236640e-01	1.156950e-02	7	false	GAMG	2.627660e-02	1.274490e-04	4	true
11            	smoothSolver	4.369790e-03	3.798910e-04	8	1.099180e-01	9.980770e-03	7	1.118890e-01	1.040640e-02	7	false	GAMG	2.512170e-02	1.200240e-04	4	true
12            	smoothSolver	4.073080e-03	3.484320e-04	8	9.997090e-02	9.203510e-03	7	1.065640e-01	9.994930e-03	7	false	GAMG	2.420880e-02	1.199200e-04	4	true
13            	smoothSolver	3.861880e-03	3.252890e-04	8	9.096050e-02	8.537800e-03	7	1.030450e-01	9.750020e-03	7	false	GAMG	2.359780e-02	1.210070e-04	4	true
14            	smoothSolver	3.704050e-03	3.105330e-04	8	8.388840e-02	8.006980e-03	7	9.727060e-02	9.261350e-03	7	false	GAMG	2.303080e-02	1.223150e-04	4	true
15            	smoothSolver	3.550100e-03	2.998340e-04	8	7.817310e-02	7.539790e-03	7	8.699150e-02	8.383260e-03	7	false	GAMG	2.247900e-02	1.218840e-04	4	true
16            	smoothSolver	3.381210e-03	2.864860e-04	8	7.269730e-02	7.062480e-03	7	7.865450e-02	7.594330e-03	7	false	GAMG	2.182050e-02	1.155130e-04	4	true
17            	smoothSolver	3.208590e-03	2.732430e-04	8	6.786490e-02	6.604150e-03	7	7.183830e-02	6.889670e-03	7	false	GAMG	2.097240e-02	1.076050e-04	4	true
18            	smoothSolver	3.039190e-03	2.601510e-04	8	6.364410e-02	6.133160e-03	7	6.639180e-02	6.341670e-03	7	false	GAMG	2.013320e-02	9.864080e-05	4	true
19            	smoothSolver	2.883820e-03	2.474460e-04	8	5.975420e-02	5.712920e-03	7	6.226750e-02	5.941750e-03	7	false	GAMG	1.932770e-02	9.178310e-05	4	true
20            	smoothSolver	2.751400e-03	2.361780e-04	8	5.652590e-02	5.368170e-03	7	5.939010e-02	5.642140e-03	7	false	GAMG	1.867210e-02	8.919050e-05	4	true
21            	smoothSolver	2.638040e-03	2.261530e-04	8	5.408310e-02	5.136770e-03	7	5.698800e-02	5.426980e-03	7	false	GAMG	1.803750e-02	8.949710e-05	4	true
22            	smoothSolver	2.535930e-03	2.171660e-04	8	5.223690e-02	4.991200e-03	7	5.476770e-02	5.239500e-03	7	false	GAMG	1.735990e-02	9.075540e-05	4	true
23            	smoothSolver	2.428960e-03	2.086510e-04	8	5.035890e-02	4.878530e-03	7	5.233500e-02	5.045630e-03	7	false	GAMG	1.666520e-02	8.946460e-05	4	true
24            	smoothSolver	2.336300e-03	2.011280e-04	8	4.879410e-02	4.751050e-03	7	5.028560e-02	4.875230e-03	7	false	GAMG	1.594000e-02	8.386230e-05	4	true
25            	smoothSolver	2.249240e-03	1.930690e-04	8	4.697580e-02	4.547850e-03	7	4.802870e-02	4.647610e-03	7	false	GAMG	1.529170e-02	7.684260e-05	4	true
26            	smoothSolver	2.163710e-03	1.855110e-04	8	4.459830e-02	4.292600e-03	7	4.541570e-02	4.408060e-03	7	false	GAMG	1.474960e-02	7.090180e-05	4	true
27            	smoothSolver	2.055700e-03	1.773840e-04	8	4.191840e-02	4.034810e-03	7	4.248560e-02	4.112620e-03	7	false	GAMG	1.424780e-02	6.893750e-05	4	true
28            	smoothSolver	1.947730e-03	1.685270e-04	8	3.928400e-02	3.780520e-03	7	3.938510e-02	3.787580e-03	7	false	GAMG	1.381020e-02	6.698240e-05	4	true
29            	smoothSolver	1.839700e-03	1.594040e-04	8	3.689670e-02	3.525530e-03	7	3.675980e-02	3.505980e-03	7	false	GAMG	1.335760e-02	6.475680e-05	4	true
30            	smoothSolver	1.740560e-03	1.489480e-04	8	3.467500e-02	3.284780e-03	7	3.439850e-02	3.240360e-03	7	false	GAMG	1.291870e-02	6.287780e-05	4	true
31            	smoothSolver	1.640320e-03	1.381680e-04	8	3.276020e-02	3.066870e-03	7	3.232180e-02	2.975880e-03	7	false	GAMG	1.244840e-02	6.073870e-05	4	true
32            	smoothSolver	1.545390e-03	1.287260e-04	8	3.107430e-02	2.860620e-03	7	3.042820e-02	2.738800e-03	7	false	GAMG	1.202340e-02	5.845830e-05	4	true
33            	smoothSolver	1.457560e-03	1.204300e-04	8	2.976640e-02	2.703830e-03	7	2.880580e-02	2.549040e-03	7	false	GAMG	1.164950e-02	5.546970e-05	4	true
34            	smoothSolver	1.379220e-03	1.125050e-04	8	2.886120e-02	2.593420e-03	7	2.748470e-02	2.380740e-03	7	false	GAMG	1.135170e-02	5.193890e-05	4	true
35            	smoothSolver	1.318760e-03	1.056470e-04	8	2.819040e-02	2.495200e-03	7	2.633210e-02	2.228170e-03	7	false	GAMG	1.107160e-02	4.782810e-05	4	true
36            	smoothSolver	1.263920e-03	9.921050e-05	8	2.756610e-02	2.399960e-03	7	2.516750e-02	2.097160e-03	7	false	GAMG	1.075300e-02	4.492100e-05	4	true
37            	smoothSolver	1.203710e-03	9.317870e-05	8	2.683880e-02	2.302580e-03	7	2.396170e-02	1.971040e-03	7	false	GAMG	1.037860e-02	4.398750e-05	4	true
38            	smoothSolver	1.143060e-03	8.824230e-05	8	2.605230e-02	2.212880e-03	7	2.261210e-02	1.851010e-03	7	false	GAMG	9.939060e-03	4.425140e-05	4	true
39            	smoothSolver	1.082990e-03	8.430830e-05	8	2.526790e-02	2.149930e-03	7	2.137460e-02	1.754140e-03	7	false	GAMG	9.495420e-03	4.514640e-05	4	true
40            	smoothSolver	1.028240e-03	8.116750e-05	8	2.437950e-02	2.079680e-03	7	2.023180e-02	1.668610e-03	7	false	GAMG	9.086500e-03	4.588870e-05	4	true
41            	smoothSolver	9.817890e-04	7.832590e-05	8	2.336650e-02	1.981700e-03	7	1.922520e-02	1.588560e-03	7	false	GAMG	8.716030e-03	4.584300e-05	4	true
42            	smoothSolver	9.353970e-04	7.565720e-05	8	2.230180e-02	1.880600e-03	7	1.837190e-02	1.513790e-03	7	false	GAMG	8.382180e-03	4.512100e-05	4	true
43            	smoothSolver	8.874060e-04	7.247530e-05	8	2.116760e-02	1.774810e-03	7	1.754520e-02	1.440070e-03	7	false	GAMG	8.058580e-03	4.327010e-05	4	true
44            	smoothSolver	8.428230e-04	6.891380e-05	8	1.999670e-02	1.673690e-03	7	1.667530e-02	1.363410e-03	7	false	GAMG	7.749160e-03	4.131220e-05	4	true
45            	smoothSolver	8.028510e-04	6.551290e-05	8	1.887530e-02	1.593790e-03	7	1.586150e-02	1.289860e-03	7	false	GAMG	7.462560e-03	3.958780e-05	4	true
46            	smoothSolver	7.702040e-04	6.275790e-05	8	1.796060e-02	1.532260e-03	7	1.510080e-02	1.229960e-03	7	false	GAMG	7.193650e-03	3.791170e-05	4	true
47            	smoothSolver	7.424440e-04	6.053170e-05	8	1.727860e-02	1.481050e-03	7	1.456350e-02	1.189560e-03	7	false	GAMG	6.943890e-03	3.624450e-05	4	true
48            	smoothSolver	7.195440e-04	5.843000e-05	8	1.679700e-02	1.436400e-03	7	1.415680e-02	1.160680e-03	7	false	GAMG	6.732080e-03	3.488300e-05	4	true
49            	smoothSolver	6.978230e-04	5.615900e-05	8	1.630610e-02	1.387320e-03	7	1.379080e-02	1.131350e-03	7	false	GAMG	6.547500e-03	3.408200e-05	4	true
50            	smoothSolver	6.765680e-04	5.356220e-05	8	1.578530e-02	1.335150e-03	7	1.337320e-02	1.096120e-03	7	false	GAMG	6.369910e-03	3.314730e-05	4	true
51            	smoothSolver	6.545900e-04	5.080510e-05	8	1.515770e-02	1.273330e-03	7	1.294430e-02	1.053940e-03	7	false	GAMG	6.183050e-03	3.173540e-05	4	true
52            	smoothSolver	6.327560e-04	4.818950e-05	8	1.455760e-02	1.212460e-03	7	1.253310e-02	1.018560e-03	7	false	GAMG	5.988190e-03	2.991330e-05	4	true
53            	smoothSolver	6.104100e-04	4.597770e-05	8	1.396210e-02	1.159130e-03	7	1.215800e-02	9.957760e-04	7	false	GAMG	5.785990e-03	2.794810e-05	4	true
54            	smoothSolver	5.890040e-04	5.844390e-05	7	1.348070e-02	1.115530e-03	7	1.181370e-02	9.765120e-04	7	false	GAMG	5.569800e-03	2.594310e-05	4	true
55            	smoothSolver	5.682200e-04	5.639700e-05	7	1.304270e-02	1.074870e-03	7	1.147230e-02	9.572120e-04	7	false	GAMG	5.372380e-03	2.445490e-05	4	true
56            	smoothSolver	5.510490e-04	5.451880e-05	7	1.267990e-02	1.043180e-03	7	1.115120e-02	9.383470e-04	7	false	GAMG	5.177270e-03	2.325960e-05	4	true
57            	smoothSolver	5.351350e-04	5.273470e-05	7	1.234210e-02	1.019670e-03	7	1.083340e-02	9.184080e-04	7	false	GAMG	5.016540e-03	2.240700e-05	4	true
58            	smoothSolver	5.225030e-04	5.103110e-05	7	1.206030e-02	1.005570e-03	7	1.050590e-02	8.939740e-04	7	false	GAMG	4.875860e-03	2.190230e-05	4	true
59            	smoothSolver	5.106010e-04	4.993990e-05	7	1.184160e-02	9.946590e-04	7	1.021410e-02	8.689700e-04	7	false	GAMG	4.761820e-03	2.137750e-05	4	true
60            	smoothSolver	4.995630e-04	4.936300e-05	7	1.163730e-02	9.789880e-04	7	9.936060e-03	8.450820e-04	7	false	GAMG	4.651190e-03	2.078660e-05	4	true
61            	smoothSolver	4.883980e-04	3.708890e-05	8	1.143600e-02	9.662790e-04	7	9.678150e-03	8.236950e-04	7	false	GAMG	4.536820e-03	2.001110e-05	4	true
62            	smoothSolver	4.767120e-04	3.646290e-05	8	1.123880e-02	9.542940e-04	7	9.444680e-03	8.035270e-04	7	false	GAMG	4.417010e-03	1.940600e-05	4	true
63            	smoothSolver	4.636280e-04	3.547580e-05	8	1.098060e-02	9.346320e-04	7	9.181860e-03	7.819560e-04	7	false	GAMG	4.298680e-03	1.864630e-05	4	true
64            	smoothSolver	4.527190e-04	3.449210e-05	8	1.068270e-02	9.046710e-04	7	8.899420e-03	7.569720e-04	7	false	GAMG	4.173000e-03	1.775600e-05	4	true
65            	smoothSolver	4.398800e-04	3.354430e-05	8	1.034560e-02	8.740490e-04	7	8.602770e-03	7.324960e-04	7	false	GAMG	4.056510e-03	1.723440e-05	4	true
66            	smoothSolver	4.280730e-04	3.267410e-05	8	1.000460e-02	8.411800e-04	7	8.332060e-03	7.077880e-04	7	false	GAMG	3.936940e-03	1.679970e-05	4	true
67            	smoothSolver	4.147070e-04	3.171080e-05	8	9.639980e-03	8.102730e-04	7	8.031620e-03	6.817190e-04	7	false	GAMG	3.827870e-03	1.648830e-05	4	true
68            	smoothSolver	4.005500e-04	3.054250e-05	8	9.286820e-03	7.792300e-04	7	7.726730e-03	6.490860e-04	7	false	GAMG	3.715090e-03	1.570820e-05	4	true
69            	smoothSolver	3.840370e-04	2.902150e-05	8	8.929980e-03	7.458300e-04	7	7.392880e-03	6.103460e-04	7	false	GAMG	3.617010e-03	1.508750e-05	4	true
70            	smoothSolver	3.690390e-04	3.638310e-05	7	8.643740e-03	7.182410e-04	7	7.097290e-03	5.694170e-04	7	false	GAMG	3.521760e-03	1.430900e-05	4	true
71            	smoothSolver	3.565600e-04	3.488770e-05	7	8.400660e-03	6.971750e-04	7	6.861100e-03	5.401230e-04	7	false	GAMG	3.445600e-03	1.393170e-05	4	true
72            	smoothSolver	3.491110e-04	3.411170e-05	7	8.276820e-03	6.850530e-04	7	6.719940e-03	5.318300e-04	7	false	GAMG	3.368250e-03	1.387260e-05	4	true
73            	smoothSolver	3.439670e-04	3.400570e-05	7	8.234320e-03	6.841980e-04	7	6.645680e-03	5.385190e-04	7	false	GAMG	3.319110e-03	1.411880e-05	4	true
74            	smoothSolver	3.420570e-04	3.416980e-05	7	8.271320e-03	6.912620e-04	7	6.635030e-03	5.505090e-04	7	false	GAMG	3.278340e-03	1.426370e-05	4	true
75            	smoothSolver	3.402690e-04	2.589630e-05	8	8.271870e-03	6.966620e-04	7	6.618410e-03	5.560240e-04	7	false	GAMG	3.264300e-03	1.430290e-05	4	true
76            	smoothSolver	3.390680e-04	2.570800e-05	8	8.215750e-03	6.959840e-04	7	6.579320e-03	5.546660e-04	7	false	GAMG	3.243200e-03	1.433750e-05	4	true
77            	smoothSolver	3.364540e-04	2.529670e-05	8	8.050650e-03	6.848940e-04	7	6.482690e-03	5.447650e-04	7	false	GAMG	3.222280e-03	1.413580e-05	4	true
78            	smoothSolver	3.348600e-04	2.526590e-05	8	7.870920e-03	6.723710e-04	7	6.386680e-03	5.345320e-04	7	false	GAMG	3.193010e-03	1.395780e-05	4	true
79            	smoothSolver	3.334040e-04	2.577710e-05	8	7.711350e-03	6.649480e-04	7	6.329090e-03	5.296450e-04	7	false	GAMG	3.166690e-03	1.430240e-05	4	true
80            	smoothSolver	3.342200e-04	2.674110e-05	8	7.689390e-03	6.734050e-04	7	6.328250e-03	5.398550e-04	7	false	GAMG	3.145570e-03	1.465970e-05	4	true
81            	smoothSolver	3.375420e-04	2.781830e-05	8	7.695390e-03	6.881110e-04	7	6.362600e-03	5.562810e-04	7	false	GAMG	3.144150e-03	1.493880e-05	4	true
82            	smoothSolver	3.438920e-04	2.860520e-05	8	7.726430e-03	6.924760e-04	7	6.404490e-03	5.691740e-04	7	false	GAMG	3.135700e-03	1.474630e-05	4	true
83            	smoothSolver	3.459910e-04	2.895300e-05	8	7.666140e-03	6.887610e-04	7	6.369420e-03	5.662170e-04	7	false	GAMG	3.120320e-03	1.454460e-05	4	true
84            	smoothSolver	3.479490e-04	2.906450e-05	8	7.609150e-03	6.769480e-04	7	6.299290e-03	5.552800e-04	7	false	GAMG	3.088480e-03	1.427430e-05	4	true
85            	smoothSolver	3.491990e-04	2.934250e-05	8	7.548370e-03	6.660130e-04	7	6.225650e-03	5.438050e-04	7	false	GAMG	3.058950e-03	1.408510e-05	4	true
86            	smoothSolver	3.497040e-04	2.956420e-05	8	7.503450e-03	6.592490e-04	7	6.200200e-03	5.385410e-04	7	false	GAMG	3.016810e-03	1.399000e-05	4	true
87            	smoothSolver	3.485240e-04	2.941890e-05	8	7.473900e-03	6.577840e-04	7	6.183690e-03	5.383270e-04	7	false	GAMG	2.982870e-03	1.396770e-05	4	true
88            	smoothSolver	3.459870e-04	2.874250e-05	8	7.452280e-03	6.535730e-04	7	6.159830e-03	5.387110e-04	7	false	GAMG	2.940970e-03	1.361810e-05	4	true
89            	smoothSolver	3.407970e-04	2.773130e-05	8	7.347790e-03	6.437570e-04	7	6.116130e-03	5.364870e-04	7	false	GAMG	2.927450e-03	1.314760e-05	4	true
90            	smoothSolver	3.374400e-04	2.688170e-05	8	7.296310e-03	6.338800e-04	7	6.088630e-03	5.336990e-04	7	false	GAMG	2.917320e-03	1.251430e-05	4	true
91            	smoothSolver	3.343000e-04	2.634810e-05	8	7.243730e-03	6.227990e-04	7	6.055250e-03	5.273310e-04	7	false	GAMG	2.902180e-03	1.205490e-05	4	true
92            	smoothSolver	3.320310e-04	2.612820e-05	8	7.210820e-03	6.180310e-04	7	6.042300e-03	5.241700e-04	7	false	GAMG	2.869520e-03	1.170860e-05	4	true
93            	smoothSolver	3.300180e-04	2.608060e-05	8	7.148570e-03	6.189270e-04	7	6.024970e-03	5.248090e-04	7	false	GAMG	2.841220e-03	1.164890e-05	4	true
94            	smoothSolver	3.263920e-04	2.574490e-05	8	7.097350e-03	6.197080e-04	7	5.988780e-03	5.255850e-04	7	false	GAMG	2.796100e-03	1.167440e-05	4	true
95            	smoothSolver	3.187990e-04	2.491260e-05	8	6.992140e-03	6.161490e-04	7	5.871700e-03	5.196590e-04	7	false	GAMG	2.756330e-03	1.170200e-05	4	true
96            	smoothSolver	3.112670e-04	2.401630e-05	8	6.857120e-03	6.047360e-04	7	5.742190e-03	5.079270e-04	7	false	GAMG	2.718500e-03	1.147380e-05	4	true
97            	smoothSolver	3.037380e-04	2.339890e-05	8	6.718720e-03	5.917400e-04	7	5.608830e-03	4.930010e-04	7	false	GAMG	2.681480e-03	1.133650e-05	4	true
98            	smoothSolver	2.969480e-04	2.296950e-05	8	6.613750e-03	5.757020e-04	7	5.538740e-03	4.816420e-04	7	false	GAMG	2.646350e-03	1.167780e-05	4	true
99            	smoothSolver	2.912710e-04	2.282070e-05	8	6.527460e-03	5.631450e-04	7	5.507040e-03	4.753220e-04	7	false	GAMG	2.628670e-03	1.220780e-05	4	true
100           	smoothSolver	2.895490e-04	2.260770e-05	8	6.506980e-03	5.601660e-04	7	5.513030e-03	4.714390e-04	7	false	GAMG	2.614160e-03	1.237510e-05	4	true
101           	smoothSolver	2.875500e-04	2.206060e-05	8	6.508810e-03	5.578990e-04	7	5.492070e-03	4.639070e-04	7	false	GAMG	2.615740e-03	1.227260e-05	4	true
102           	smoothSolver	2.865130e-04	2.837850e-05	7	6.492590e-03	5.505110e-04	7	5.449450e-03	4.570820e-04	7	false	GAMG	2.619810e-03	1.184320e-05	4	true
103           	smoothSolver	2.848120e-04	2.749740e-05	7	6.446940e-03	5.365310e-04	7	5.359660e-03	4.434430e-04	7	false	GAMG	2.622140e-03	1.115620e-05	4	true
104           	smoothSolver	2.837840e-04	2.689530e-05	7	6.405640e-03	5.215310e-04	7	5.287550e-03	4.299520e-04	7	false	GAMG	2.624750e-03	1.098180e-05	4	true
105           	smoothSolver	2.816830e-04	2.667140e-05	7	6.355620e-03	5.110370e-04	7	5.243070e-03	4.204600e-04	7	false	GAMG	2.627150e-03	1.149770e-05	4	true
106           	smoothSolver	2.800720e-04	2.646790e-05	7	6.338690e-03	5.032830e-04	7	5.223260e-03	4.179770e-04	7	false	GAMG	2.625430e-03	1.184210e-05	4	true
107           	smoothSolver	2.749100e-04	2.601190e-05	7	6.302110e-03	4.970440e-04	7	5.191380e-03	4.170840e-04	7	false	GAMG	2.622290e-03	1.202080e-05	4	true
108           	smoothSolver	2.687330e-04	2.512830e-05	7	6.223360e-03	4.893030e-04	7	5.114980e-03	4.118980e-04	7	false	GAMG	2.618130e-03	1.178260e-05	4	true
109           	smoothSolver	2.615890e-04	2.420080e-05	7	6.079070e-03	4.796130e-04	7	5.014480e-03	4.002270e-04	7	false	GAMG	2.609770e-03	1.118070e-05	4	true
110           	smoothSolver	2.559680e-04	2.363480e-05	7	5.946170e-03	4.684670e-04	7	4.911060e-03	3.856650e-04	7	false	GAMG	2.577650e-03	1.032300e-05	4	true
111           	smoothSolver	2.505500e-04	2.339590e-05	7	5.789040e-03	4.611750e-04	7	4.817230e-03	3.726980e-04	7	false	GAMG	2.532550e-03	1.008680e-05	4	true
112           	smoothSolver	2.474890e-04	2.355440e-05	7	5.701240e-03	4.621550e-04	7	4.752970e-03	3.668650e-04	7	false	GAMG	2.476300e-03	1.025510e-05	4	true
113           	smoothSolver	2.443710e-04	2.369170e-05	7	5.659300e-03	4.691980e-04	7	4.703500e-03	3.680070e-04	7	false	GAMG	2.428300e-03	1.037610e-05	4	true
114           	smoothSolver	2.416340e-04	2.371570e-05	7	5.627680e-03	4.697440e-04	7	4.650340e-03	3.683620e-04	7	false	GAMG	2.382810e-03	1.018290e-05	4	true
115           	smoothSolver	2.379140e-04	2.364060e-05	7	5.553330e-03	4.651130e-04	7	4.568370e-03	3.658820e-04	7	false	GAMG	2.361680e-03	9.836550e-06	4	true
116           	smoothSolver	2.357650e-04	2.339130e-05	7	5.470630e-03	4.538230e-04	7	4.481030e-03	3.623040e-04	7	false	GAMG	2.334050e-03	9.491880e-06	4	true
117           	smoothSolver	2.329970e-04	2.311690e-05	7	5.376520e-03	4.415480e-04	7	4.399920e-03	3.561680e-04	7	false	GAMG	2.306590e-03	9.294790e-06	4	true
118           	smoothSolver	2.304190e-04	2.296750e-05	7	5.281340e-03	4.314290e-04	7	4.336060e-03	3.510730e-04	7	false	GAMG	2.269930e-03	9.117680e-06	4	true
119           	smoothSolver	2.266100e-04	1.711590e-05	8	5.170720e-03	4.208600e-04	7	4.256390e-03	3.451470e-04	7	false	GAMG	2.239400e-03	9.000650e-06	4	true
120           	smoothSolver	2.218650e-04	1.675740e-05	8	5.069960e-03	4.104840e-04	7	4.186350e-03	3.392390e-04	7	false	GAMG	2.207650e-03	8.834270e-06	4	true
121           	smoothSolver	2.157150e-04	2.156790e-05	7	4.964510e-03	4.026370e-04	7	4.109590e-03	3.300600e-04	7	false	GAMG	2.182210e-03	8.887230e-06	4	true
122           	smoothSolver	2.118720e-04	2.097550e-05	7	4.878100e-03	3.968210e-04	7	4.034970e-03	3.206250e-04	7	false	GAMG	2.143340e-03	8.968130e-06	4	true
123           	smoothSolver	2.090510e-04	2.060800e-05	7	4.801300e-03	3.952700e-04	7	3.976740e-03	3.163030e-04	7	false	GAMG	2.111690e-03	9.143590e-06	4	true
124           	smoothSolver	2.090040e-04	2.047750e-05	7	4.791910e-03	3.971040e-04	7	3.950040e-03	3.168960e-04	7	false	GAMG	2.082010e-03	9.170560e-06	4	true
125           	smoothSolver	2.094860e-04	2.046500e-05	7	4.811690e-03	4.030160e-04	7	3.949790e-03	3.205110e-04	7	false	GAMG	2.066900e-03	9.317040e-06	4	true
126           	smoothSolver	2.103410e-04	2.051940e-05	7	4.846900e-03	4.070510e-04	7	3.958950e-03	3.239770e-04	7	false	GAMG	2.058490e-03	9.285750e-06	4	true
127           	smoothSolver	2.088990e-04	2.051400e-05	7	4.866050e-03	4.065280e-04	7	3.951710e-03	3.232060e-04	7	false	GAMG	2.068080e-03	9.188460e-06	4	true
128           	smoothSolver	2.074000e-04	2.056400e-05	7	4.896670e-03	4.090990e-04	7	3.941830e-03	3.206150e-04	7	false	GAMG	2.072740e-03	8.905220e-06	4	true
129           	smoothSolver	2.059230e-04	1.561500e-05	8	4.894210e-03	4.122950e-04	7	3.903980e-03	3.164540e-04	7	false	GAMG	2.077090e-03	9.014770e-06	4	true
130           	smoothSolver	2.055320e-04	1.569070e-05	8	4.905880e-03	4.215990e-04	7	3.888330e-03	3.127390e-04	7	false	GAMG	2.067220e-03	9.193330e-06	4	true
131           	smoothSolver	2.058410e-04	1.584970e-05	8	4.907180e-03	4.267320e-04	7	3.864740e-03	3.127280e-04	7	false	GAMG	2.065300e-03	9.455900e-06	4	true
132           	smoothSolver	2.078760e-04	1.619770e-05	8	4.944640e-03	4.302200e-04	7	3.886730e-03	3.166540e-04	7	false	GAMG	2.070330e-03	9.575340e-06	4	true
133           	smoothSolver	2.095250e-04	1.643340e-05	8	4.948180e-03	4.321480e-04	7	3.920030e-03	3.244220e-04	7	false	GAMG	2.075940e-03	9.713800e-06	4	true
134           	smoothSolver	2.105170e-04	1.648200e-05	8	4.961200e-03	4.320950e-04	7	3.955480e-03	3.304200e-04	7	false	GAMG	2.070920e-03	9.553400e-06	4	true
135           	smoothSolver	2.105370e-04	1.643390e-05	8	4.908570e-03	4.239950e-04	7	3.968240e-03	3.340920e-04	7	false	GAMG	2.061280e-03	9.483960e-06	4	true
136           	smoothSolver	2.107680e-04	1.636340e-05	8	4.853310e-03	4.145700e-04	7	3.986920e-03	3.347510e-04	7	false	GAMG	2.036530e-03	9.295220e-06	4	true
137           	smoothSolver	2.092410e-04	1.625520e-05	8	4.764800e-03	4.050730e-04	7	3.973910e-03	3.316960e-04	7	false	GAMG	2.021620e-03	9.333000e-06	4	true
138           	smoothSolver	2.083710e-04	1.633700e-05	8	4.722150e-03	4.014700e-04	7	3.969570e-03	3.302550e-04	7	false	GAMG	2.008110e-03	9.287350e-06	4	true
139           	smoothSolver	2.083620e-04	1.646690e-05	8	4.702200e-03	3.995380e-04	7	3.977940e-03	3.313290e-04	7	false	GAMG	2.001890e-03	9.189910e-06	4	true
140           	smoothSolver	2.081750e-04	1.639700e-05	8	4.716670e-03	4.003650e-04	7	3.983110e-03	3.336400e-04	7	false	GAMG	1.989790e-03	9.083060e-06	4	true
141           	smoothSolver	2.066090e-04	1.611330e-05	8	4.711200e-03	3.998340e-04	7	3.968930e-03	3.365540e-04	7	false	GAMG	1.987030e-03	8.975440e-06	4	true
142           	smoothSolver	2.049670e-04	1.569990e-05	8	4.710000e-03	3.981610e-04	7	3.943720e-03	3.354710e-04	7	false	GAMG	1.983810e-03	8.801400e-06	4	true
143           	smoothSolver	2.025790e-04	2.012390e-05	7	4.677770e-03	3.908000e-04	7	3.911150e-03	3.295030e-04	7	false	GAMG	1.990810e-03	8.686310e-06	4	true
144           	smoothSolver	2.012160e-04	1.974880e-05	7	4.652700e-03	3.814340e-04	7	3.869680e-03	3.172240e-04	7	false	GAMG	1.996220e-03	8.632340e-06	4	true
145           	smoothSolver	1.994910e-04	1.958910e-05	7	4.611980e-03	3.742140e-04	7	3.829600e-03	3.054180e-04	7	false	GAMG	2.002900e-03	8.715260e-06	4	true
146           	smoothSolver	1.986570e-04	1.944300e-05	7	4.592550e-03	3.702000e-04	7	3.791820e-03	2.952030e-04	7	false	GAMG	2.002530e-03	8.611580e-06	4	true
147           	smoothSolver	1.973710e-04	1.926690e-05	7	4.583460e-03	3.704930e-04	7	3.758900e-03	2.913660e-04	7	false	GAMG	1.999510e-03	8.581060e-06	4	true
148           	smoothSolver	1.957990e-04	1.893440e-05	7	4.580670e-03	3.735580e-04	7	3.733240e-03	2.907050e-04	7	false	GAMG	1.980450e-03	8.507440e-06	4	true
149           	smoothSolver	1.921130e-04	1.844550e-05	7	4.537910e-03	3.747370e-04	7	3.690290e-03	2.906660e-04	7	false	GAMG	1.963800e-03	8.379600e-06	4	true
150           	smoothSolver	1.886690e-04	1.792710e-05	7	4.499490e-03	3.722770e-04	7	3.637170e-03	2.889640e-04	7	false	GAMG	1.940550e-03	8.151630e-06	4	true
151           	smoothSolver	1.849720e-04	1.745040e-05	7	4.450930e-03	3.636630e-04	7	3.594150e-03	2.843040e-04	7	false	GAMG	1.925690e-03	8.087910e-06	4	true
152           	smoothSolver	1.816470e-04	1.695350e-05	7	4.412260e-03	3.542210e-04	7	3.548960e-03	2.779750e-04	7	false	GAMG	1.904410e-03	8.010020e-06	4	true
153           	smoothSolver	1.774720e-04	1.643650e-05	7	4.364340e-03	3.456950e-04	7	3.492340e-03	2.700580e-04	7	false	GAMG	1.899970e-03	7.843230e-06	4	true
154           	smoothSolver	1.741460e-04	1.606940e-05	7	4.335020e-03	3.420230e-04	7	3.434450e-03	2.631600e-04	7	false	GAMG	1.898980e-03	7.748440e-06	4	true
155           	smoothSolver	1.721780e-04	1.596870e-05	7	4.344540e-03	3.469860e-04	7	3.394030e-03	2.591800e-04	7	false	GAMG	1.908100e-03	7.891210e-06	4	true
156           	smoothSolver	1.720270e-04	1.607040e-05	7	4.370730e-03	3.520730e-04	7	3.381530e-03	2.582000e-04	7	false	GAMG	1.909290e-03	8.183540e-06	4	true
157           	smoothSolver	1.730110e-04	1.648460e-05	7	4.409570e-03	3.603390e-04	7	3.404400e-03	2.606950e-04	7	false	GAMG	1.917810e-03	8.446000e-06	4	true
158           	smoothSolver	1.754590e-04	1.704170e-05	7	4.461660e-03	3.691520e-04	7	3.442590e-03	2.656820e-04	7	false	GAMG	1.916480e-03	8.588270e-06	4	true
159           	smoothSolver	1.769660e-04	1.749830e-05	7	4.483830e-03	3.740690e-04	7	3.469840e-03	2.702380e-04	7	false	GAMG	1.924190e-03	8.618540e-06	4	true
160           	smoothSolver	1.790360e-04	1.785540e-05	7	4.501960e-03	3.763350e-04	7	3.475470e-03	2.732500e-04	7	false	GAMG	1.918830e-03	8.426630e-06	4	true
161           	smoothSolver	1.803490e-04	1.368250e-05	8	4.488310e-03	3.766150e-04	7	3.469610e-03	2.741370e-04	7	false	GAMG	1.923880e-03	8.252450e-06	4	true
162           	smoothSolver	1.815430e-04	1.373990e-05	8	4.490080e-03	3.780950e-04	7	3.465610e-03	2.747370e-04	7	false	GAMG	1.914770e-03	8.155210e-06	4	true
163           	smoothSolver	1.811820e-04	1.372300e-05	8	4.468000e-03	3.769160e-04	7	3.450840e-03	2.735570e-04	7	false	GAMG	1.913910e-03	8.309530e-06	4	true
164           	smoothSolver	1.813440e-04	1.377080e-05	8	4.483010e-03	3.771440e-04	7	3.434550e-03	2.722040e-04	7	false	GAMG	1.898950e-03	8.445740e-06	4	true
165           	smoothSolver	1.809060e-04	1.377320e-05	8	4.484170e-03	3.748980e-04	7	3.430810e-03	2.722540e-04	7	false	GAMG	1.893220e-03	8.701800e-06	4	true
166           	smoothSolver	1.809080e-04	1.371030e-05	8	4.508060e-03	3.736650e-04	7	3.437820e-03	2.732790e-04	7	false	GAMG	1.876920e-03	8.699240e-06	4	true
167           	smoothSolver	1.810570e-04	1.804380e-05	7	4.514400e-03	3.723890e-04	7	3.460120e-03	2.756040e-04	7	false	GAMG	1.876520e-03	8.569110e-06	4	true
168           	smoothSolver	1.823650e-04	1.809610e-05	7	4.534390e-03	3.727050e-04	7	3.479710e-03	2.764700e-04	7	false	GAMG	1.868140e-03	8.220570e-06	4	true
169           	smoothSolver	1.839020e-04	1.820040e-05	7	4.529160e-03	3.730560e-04	7	3.502480e-03	2.777540e-04	7	false	GAMG	1.865160e-03	7.834540e-06	4	true
170           	smoothSolver	1.844960e-04	1.822950e-05	7	4.524800e-03	3.751970e-04	7	3.512460e-03	2.784480e-04	7	false	GAMG	1.854540e-03	7.606100e-06	4	true
171           	smoothSolver	1.845330e-04	1.836540e-05	7	4.512970e-03	3.780680e-04	7	3.527770e-03	2.816490e-04	7	false	GAMG	1.853280e-03	7.558350e-06	4	true
172           	smoothSolver	1.853630e-04	1.849670e-05	7	4.524670e-03	3.831340e-04	7	3.547090e-03	2.852080e-04	7	false	GAMG	1.851360e-03	7.616300e-06	4	true
173           	smoothSolver	1.854340e-04	1.406450e-05	8	4.570790e-03	3.920970e-04	7	3.558230e-03	2.898870e-04	7	false	GAMG	1.858010e-03	7.693050e-06	4	true
174           	smoothSolver	1.856260e-04	1.846860e-05	7	4.633760e-03	3.987570e-04	7	3.573500e-03	2.924240e-04	7	false	GAMG	1.864120e-03	7.712790e-06	4	true
175           	smoothSolver	1.861160e-04	1.845880e-05	7	4.655130e-03	3.986120e-04	7	3.579900e-03	2.928940e-04	7	false	GAMG	1.878400e-03	7.918160e-06	4	true
176           	smoothSolver	1.873950e-04	1.843210e-05	7	4.693050e-03	3.938320e-04	7	3.596430e-03	2.906400e-04	7	false	GAMG	1.882460e-03	8.172840e-06	4	true
177           	smoothSolver	1.879630e-04	1.849740e-05	7	4.700010e-03	3.867970e-04	7	3.611240e-03	2.875500e-04	7	false	GAMG	1.890500e-03	8.413240e-06	4	true
178           	smoothSolver	1.892750e-04	1.866140e-05	7	4.721820e-03	3.806750e-04	7	3.629810e-03	2.843200e-04	7	false	GAMG	1.892550e-03	8.503920e-06	4	true
179           	smoothSolver	1.895830e-04	1.869560e-05	7	4.714530e-03	3.746700e-04	7	3.627200e-03	2.824270e-04	7	false	GAMG	1.892700e-03	8.441630e-06	4	true
180           	smoothSolver	1.890230e-04	1.865760e-05	7	4.704310e-03	3.735550e-04	7	3.622180e-03	2.835590e-04	7	false	GAMG	1.890230e-03	8.217900e-06	4	true
181           	smoothSolver	1.881570e-04	1.851360e-05	7	4.660930e-03	3.726600e-04	7	3.611320e-03	2.868220e-04	7	false	GAMG	1.892050e-03	7.999700e-06	4	true
182           	smoothSolver	1.862990e-04	1.816790e-05	7	4.599220e-03	3.691440e-04	7	3.583330e-03	2.875990e-04	7	false	GAMG	1.887520e-03	7.903040e-06	4	true
183           	smoothSolver	1.833500e-04	1.781460e-05	7	4.508310e-03	3.617440e-04	7	3.538320e-03	2.861170e-04	7	false	GAMG	1.881090e-03	7.910390e-06	4	true
184           	smoothSolver	1.814590e-04	1.757480e-05	7	4.423800e-03	3.514800e-04	7	3.488790e-03	2.821460e-04	7	false	GAMG	1.867060e-03	7.990430e-06	4	true
185           	smoothSolver	1.787090e-04	1.738110e-05	7	4.332590e-03	3.418290e-04	7	3.453970e-03	2.769820e-04	7	false	GAMG	1.857310e-03	7.941060e-06	4	true
186           	smoothSolver	1.772070e-04	1.719740e-05	7	4.267370e-03	3.333280e-04	7	3.422910e-03	2.708200e-04	7	false	GAMG	1.850080e-03	7.743380e-06	4	true
187           	smoothSolver	1.757020e-04	1.707200e-05	7	4.208300e-03	3.302450e-04	7	3.394480e-03	2.681880e-04	7	false	GAMG	1.845080e-03	7.559080e-06	4	true
188           	smoothSolver	1.746890e-04	1.692720e-05	7	4.173160e-03	3.304580e-04	7	3.375870e-03	2.653400e-04	7	false	GAMG	1.843240e-03	7.377920e-06	4	true
189           	smoothSolver	1.721800e-04	1.668520e-05	7	4.129940e-03	3.304620e-04	7	3.360340e-03	2.636110e-04	7	false	GAMG	1.851620e-03	7.256570e-06	4	true
190           	smoothSolver	1.708730e-04	1.645150e-05	7	4.117450e-03	3.283330e-04	7	3.350080e-03	2.594440e-04	7	false	GAMG	1.857210e-03	7.300820e-06	4	true
191           	smoothSolver	1.692600e-04	1.619970e-05	7	4.110420e-03	3.245040e-04	7	3.340310e-03	2.565250e-04	7	false	GAMG	1.865230e-03	7.402240e-06	4	true
192           	smoothSolver	1.679340e-04	1.593080e-05	7	4.105390e-03	3.193090e-04	7	3.333290e-03	2.525710e-04	7	false	GAMG	1.869020e-03	7.680920e-06	4	true
193           	smoothSolver	1.664040e-04	1.563090e-05	7	4.099610e-03	3.159020e-04	7	3.324600e-03	2.503780e-04	7	false	GAMG	1.879510e-03	7.894960e-06	4	true
194           	smoothSolver	1.657890e-04	1.541150e-05	7	4.111730e-03	3.148120e-04	7	3.316130e-03	2.478920e-04	7	false	GAMG	1.879800e-03	8.162970e-06	4	true
195           	smoothSolver	1.649670e-04	1.532910e-05	7	4.126400e-03	3.184800e-04	7	3.310580e-03	2.467290e-04	7	false	GAMG	1.884130e-03	8.305020e-06	4	true
196           	smoothSolver	1.655970e-04	1.535400e-05	7	4.164560e-03	3.226080e-04	7	3.294950e-03	2.437720e-04	7	false	GAMG	1.886810e-03	8.375850e-06	4	true
197           	smoothSolver	1.660730e-04	1.550980e-05	7	4.192290e-03	3.262410e-04	7	3.299210e-03	3.287580e-04	6	false	GAMG	1.898320e-03	8.302100e-06	4	true
198           	smoothSolver	1.676130e-04	1.564530e-05	7	4.235650e-03	3.298830e-04	7	3.327160e-03	3.316330e-04	6	false	GAMG	1.910770e-03	8.268930e-06	4	true
199           	smoothSolver	1.685050e-04	1.577260e-05	7	4.272470e-03	3.323210e-04	7	3.357040e-03	3.345330e-04	6	false	GAMG	1.926260e-03	8.154090e-06	4	true
200           	smoothSolver	1.698410e-04	1.582110e-05	7	4.306060e-03	3.353150e-04	7	3.385680e-03	3.385680e-04	6	false	GAMG	1.946510e-03	7.919180e-06	4	true
201           	smoothSolver	1.708490e-04	1.583230e-05	7	4.326540e-03	3.374620e-04	7	3.405700e-03	2.542080e-04	7	false	GAMG	1.970940e-03	7.747980e-06	4	true
202           	smoothSolver	1.717310e-04	1.577380e-05	7	4.345260e-03	3.382630e-04	7	3.414790e-03	2.563410e-04	7	false	GAMG	1.987920e-03	7.467430e-06	4	true
203           	smoothSolver	1.714180e-04	1.571640e-05	7	4.338890e-03	3.365070e-04	7	3.410510e-03	2.565510e-04	7	false	GAMG	2.004130e-03	7.354500e-06	4	true
204           	smoothSolver	1.709750e-04	1.568170e-05	7	4.308520e-03	3.323950e-04	7	3.394520e-03	2.559880e-04	7	false	GAMG	2.003620e-03	7.325400e-06	4	true
205           	smoothSolver	1.687550e-04	1.576270e-05	7	4.246820e-03	3.286240e-04	7	3.366360e-03	2.541840e-04	7	false	GAMG	2.001890e-03	7.460400e-06	4	true
206           	smoothSolver	1.683640e-04	1.583880e-05	7	4.192360e-03	3.260610e-04	7	3.338710e-03	2.522650e-04	7	false	GAMG	1.985290e-03	7.635510e-06	4	true
207           	smoothSolver	1.670910e-04	1.596760e-05	7	4.141410e-03	3.262660e-04	7	3.317000e-03	2.523530e-04	7	false	GAMG	1.966900e-03	7.646830e-06	4	true
208           	smoothSolver	1.671010e-04	1.601840e-05	7	4.110820e-03	3.245390e-04	7	3.307870e-03	2.529330e-04	7	false	GAMG	1.945570e-03	7.586900e-06	4	true
209           	smoothSolver	1.669500e-04	1.611880e-05	7	4.083460e-03	3.219600e-04	7	3.294610e-03	2.534160e-04	7	false	GAMG	1.934300e-03	7.466530e-06	4	true
210           	smoothSolver	1.677260e-04	1.628620e-05	7	4.061810e-03	3.183980e-04	7	3.284770e-03	2.526030e-04	7	false	GAMG	1.915980e-03	7.297550e-06	4	true
211           	smoothSolver	1.679570e-04	1.637820e-05	7	4.034970e-03	3.125600e-04	7	3.261450e-03	2.509510e-04	7	false	GAMG	1.900310e-03	7.081920e-06	4	true
212           	smoothSolver	1.683120e-04	1.649140e-05	7	4.001100e-03	3.077110e-04	7	3.235590e-03	2.485690e-04	7	false	GAMG	1.881430e-03	6.856380e-06	4	true
213           	smoothSolver	1.679540e-04	1.660130e-05	7	3.970120e-03	3.026910e-04	7	3.198880e-03	2.460660e-04	7	false	GAMG	1.873150e-03	6.800430e-06	4	true
214           	smoothSolver	1.679130e-04	1.666720e-05	7	3.951370e-03	3.008070e-04	7	3.170060e-03	2.432540e-04	7	false	GAMG	1.866430e-03	6.920670e-06	4	true
215           	smoothSolver	1.675680e-04	1.665550e-05	7	3.942950e-03	2.989760e-04	7	3.144520e-03	2.409800e-04	7	false	GAMG	1.872540e-03	7.187890e-06	4	true
216           	smoothSolver	1.681880e-04	1.673380e-05	7	3.954630e-03	3.008790e-04	7	3.142290e-03	2.393550e-04	7	false	GAMG	1.879540e-03	7.549030e-06	4	true
217           	smoothSolver	1.691520e-04	1.679080e-05	7	3.977260e-03	3.026180e-04	7	3.160730e-03	2.385560e-04	7	false	GAMG	1.902440e-03	7.882080e-06	4	true
218           	smoothSolver	1.710890e-04	1.686390e-05	7	4.030700e-03	3.068820e-04	7	3.198420e-03	2.383630e-04	7	false	GAMG	1.922610e-03	8.191560e-06	4	true
219           	smoothSolver	1.729480e-04	1.693440e-05	7	4.087500e-03	3.104020e-04	7	3.252840e-03	3.246160e-04	6	false	GAMG	1.957050e-03	8.378380e-06	4	true
220           	smoothSolver	1.747590e-04	1.705060e-05	7	4.138550e-03	3.134410e-04	7	3.310570e-03	3.282620e-04	6	false	GAMG	1.981240e-03	8.633090e-06	4	true
221           	smoothSolver	1.758250e-04	1.706240e-05	7	4.180560e-03	3.148770e-04	7	3.349050e-03	3.308450e-04	6	false	GAMG	2.010080e-03	8.873610e-06	4	true
222           	smoothSolver	1.765650e-04	1.698530e-05	7	4.229610e-03	3.172010e-04	7	3.387590e-03	3.328830e-04	6	false	GAMG	2.026330e-03	8.981310e-06	4	true
223           	smoothSolver	1.761710e-04	1.675800e-05	7	4.247350e-03	3.176360e-04	7	3.395400e-03	3.335540e-04	6	false	GAMG	2.047890e-03	9.119980e-06	4	true
224           	smoothSolver	1.755300e-04	1.636550e-05	7	4.262430e-03	3.175710e-04	7	3.398130e-03	3.327200e-04	6	false	GAMG	2.061690e-03	9.268590e-06	4	true
225           	smoothSolver	1.736770e-04	1.588860e-05	7	4.255200e-03	3.160540e-04	7	3.385240e-03	3.295000e-04	6	false	GAMG	2.071450e-03	9.352990e-06	4	true
226           	smoothSolver	1.716830e-04	1.544240e-05	7	4.250290e-03	3.151130e-04	7	3.368360e-03	3.264280e-04	6	false	GAMG	2.072960e-03	9.127880e-06	4	true
227           	smoothSolver	1.692150e-04	1.501900e-05	7	4.231310e-03	4.217320e-04	6	3.352960e-03	3.236050e-04	6	false	GAMG	2.074480e-03	8.678120e-06	4	true
228           	smoothSolver	1.672990e-04	1.463160e-05	7	4.227710e-03	4.164550e-04	6	3.341090e-03	3.204030e-04	6	false	GAMG	2.066780e-03	8.322110e-06	4	true
229           	smoothSolver	1.647310e-04	1.428200e-05	7	4.206440e-03	4.092250e-04	6	3.319300e-03	3.181070e-04	6	false	GAMG	2.067930e-03	8.043140e-06	4	true
230           	smoothSolver	1.629400e-04	1.403840e-05	7	4.196350e-03	4.017780e-04	6	3.312380e-03	3.168650e-04	6	false	GAMG	2.062600e-03	7.887600e-06	4	true
231           	smoothSolver	1.608150e-04	1.384510e-05	7	4.171000e-03	3.973860e-04	6	3.302640e-03	3.156600e-04	6	false	GAMG	2.067110e-03	7.812260e-06	4	true
232           	smoothSolver	1.597470e-04	1.369980e-05	7	4.168500e-03	3.949530e-04	6	3.297350e-03	3.149130e-04	6	false	GAMG	2.061470e-03	7.835660e-06	4	true
233           	smoothSolver	1.586530e-04	1.353880e-05	7	4.140130e-03	3.915620e-04	6	3.277150e-03	3.113520e-04	6	false	GAMG	2.059900e-03	7.792690e-06	4	true
234           	smoothSolver	1.580300e-04	1.338020e-05	7	4.128840e-03	3.887680e-04	6	3.271870e-03	3.096580e-04	6	false	GAMG	2.040940e-03	7.638040e-06	4	true
235           	smoothSolver	1.567220e-04	1.325310e-05	7	4.089730e-03	3.825390e-04	6	3.250580e-03	3.055680e-04	6	false	GAMG	2.028520e-03	7.373360e-06	4	true
236           	smoothSolver	1.557780e-04	1.311480e-05	7	4.057190e-03	3.764380e-04	6	3.222890e-03	3.014860e-04	6	false	GAMG	2.006130e-03	2.002620e-05	3	true
237           	smoothSolver	1.539110e-04	1.289570e-05	7	3.982950e-03	3.663820e-04	6	3.164540e-03	2.937200e-04	6	false	GAMG	1.988580e-03	7.563440e-06	4	true
238           	smoothSolver	1.540450e-04	1.284980e-05	7	4.002770e-03	3.716860e-04	6	3.166670e-03	2.959920e-04	6	false	GAMG	1.962040e-03	1.934970e-05	3	true
239           	smoothSolver	1.518070e-04	1.268080e-05	7	3.930740e-03	3.639720e-04	6	3.098810e-03	2.880450e-04	6	false	GAMG	1.946120e-03	7.380230e-06	4	true
240           	smoothSolver	1.517060e-04	1.272720e-05	7	3.951520e-03	3.706970e-04	6	3.094330e-03	2.892380e-04	6	false	GAMG	1.916860e-03	6.788530e-06	4	true
241           	smoothSolver	1.498240e-04	1.273600e-05	7	3.914710e-03	3.682840e-04	6	3.051280e-03	2.858740e-04	6	false	GAMG	1.898450e-03	6.847760e-06	4	true
242           	smoothSolver	1.491260e-04	1.284550e-05	7	3.902120e-03	3.701280e-04	6	3.026040e-03	2.851700e-04	6	false	GAMG	1.874420e-03	6.953870e-06	4	true
243           	smoothSolver	1.491020e-04	1.310330e-05	7	3.904000e-03	3.744550e-04	6	3.007570e-03	2.857500e-04	6	false	GAMG	1.865290e-03	7.105430e-06	4	true
244           	smoothSolver	1.501620e-04	1.332410e-05	7	3.923810e-03	3.808910e-04	6	3.019470e-03	2.901390e-04	6	false	GAMG	1.851480e-03	7.231160e-06	4	true
245           	smoothSolver	1.507630e-04	1.360470e-05	7	3.951550e-03	3.894830e-04	6	3.018640e-03	2.933960e-04	6	false	GAMG	1.850540e-03	7.480110e-06	4	true
246           	smoothSolver	1.525710e-04	1.391570e-05	7	4.008780e-03	4.004190e-04	6	3.042190e-03	2.994650e-04	6	false	GAMG	1.850810e-03	7.586350e-06	4	true
247           	smoothSolver	1.549470e-04	1.433620e-05	7	4.070060e-03	3.048470e-04	7	3.074810e-03	3.052580e-04	6	false	GAMG	1.865810e-03	7.875340e-06	4	true
248           	smoothSolver	1.581150e-04	1.470740e-05	7	4.141080e-03	3.146660e-04	7	3.121950e-03	2.340340e-04	7	false	GAMG	1.872710e-03	8.080530e-06	4	true
249           	smoothSolver	1.606660e-04	1.511120e-05	7	4.199530e-03	3.235060e-04	7	3.155360e-03	2.386620e-04	7	false	GAMG	1.887690e-03	8.163720e-06	4	true
250           	smoothSolver	1.639390e-04	1.545360e-05	7	4.253440e-03	3.308500e-04	7	3.190850e-03	2.436070e-04	7	false	GAMG	1.894470e-03	8.249660e-06	4	true
251           	smoothSolver	1.659150e-04	1.572990e-05	7	4.294700e-03	3.371260e-04	7	3.215530e-03	2.484910e-04	7	false	GAMG	1.907430e-03	8.307010e-06	4	true
252           	smoothSolver	1.688880e-04	1.593170e-05	7	4.342970e-03	3.418200e-04	7	3.253590e-03	2.538690e-04	7	false	GAMG	1.915390e-03	8.388570e-06	4	true
253           	smoothSolver	1.714350e-04	1.614770e-05	7	4.401260e-03	3.472870e-04	7	3.292710e-03	2.582940e-04	7	false	GAMG	1.930890e-03	8.558070e-06	4	true
254           	smoothSolver	1.742140e-04	1.632620e-05	7	4.459140e-03	3.521660e-04	7	3.346860e-03	2.631730e-04	7	false	GAMG	1.948730e-03	8.783690e-06	4	true
255           	smoothSolver	1.761280e-04	1.651270e-05	7	4.506420e-03	3.587550e-04	7	3.402400e-03	2.674230e-04	7	false	GAMG	1.983780e-03	9.211560e-06	4	true
256           	smoothSolver	1.790640e-04	1.672750e-05	7	4.578130e-03	3.667040e-04	7	3.469260e-03	2.725770e-04	7	false	GAMG	2.018520e-03	9.593020e-06	4	true
257           	smoothSolver	1.817590e-04	1.696400e-05	7	4.662600e-03	3.767660e-04	7	3.539760e-03	2.774690e-04	7	false	GAMG	2.066750e-03	1.003930e-05	4	true
258           	smoothSolver	1.850030e-04	1.721990e-05	7	4.751770e-03	3.856700e-04	7	3.611290e-03	2.821700e-04	7	false	GAMG	2.110720e-03	1.023200e-05	4	true
259           	smoothSolver	1.887780e-04	1.744550e-05	7	4.843980e-03	3.940090e-04	7	3.678470e-03	2.850450e-04	7	false	GAMG	2.159370e-03	1.032000e-05	4	true
260           	smoothSolver	1.920030e-04	1.764760e-05	7	4.929280e-03	3.984410e-04	7	3.732520e-03	2.854200e-04	7	false	GAMG	2.195050e-03	1.011500e-05	4	true
261           	smoothSolver	1.940420e-04	1.776200e-05	7	4.982510e-03	3.995530e-04	7	3.766310e-03	2.839830e-04	7	false	GAMG	2.232860e-03	9.958960e-06	4	true
262           	smoothSolver	1.963000e-04	1.793630e-05	7	5.040320e-03	3.997240e-04	7	3.816030e-03	2.831690e-04	7	false	GAMG	2.256680e-03	9.825110e-06	4	true
263           	smoothSolver	1.983700e-04	1.818930e-05	7	5.089050e-03	4.001650e-04	7	3.839780e-03	3.832720e-04	6	false	GAMG	2.286510e-03	9.801020e-06	4	true
264           	smoothSolver	2.014100e-04	1.857220e-05	7	5.149290e-03	4.020450e-04	7	3.902350e-03	2.900190e-04	7	false	GAMG	2.301900e-03	1.021520e-05	4	true
265           	smoothSolver	2.045480e-04	1.904460e-05	7	5.213870e-03	4.069680e-04	7	3.958140e-03	2.963470e-04	7	false	GAMG	2.325600e-03	1.051950e-05	4	true
266           	smoothSolver	2.083710e-04	1.964840e-05	7	5.296820e-03	4.139400e-04	7	4.036700e-03	3.052620e-04	7	false	GAMG	2.337380e-03	1.089530e-05	4	true
267           	smoothSolver	2.111110e-04	2.012330e-05	7	5.349300e-03	4.207470e-04	7	4.104010e-03	3.148820e-04	7	false	GAMG	2.362430e-03	1.124230e-05	4	true
268           	smoothSolver	2.150010e-04	2.058880e-05	7	5.425890e-03	4.288680e-04	7	4.194390e-03	3.257710e-04	7	false	GAMG	2.379070e-03	1.117000e-05	4	true
269           	smoothSolver	2.182000e-04	2.104380e-05	7	5.483930e-03	4.393220e-04	7	4.281200e-03	3.366810e-04	7	false	GAMG	2.408950e-03	1.077560e-05	4	true
270           	smoothSolver	2.211490e-04	2.147990e-05	7	5.561260e-03	4.510130e-04	7	4.355920e-03	3.441500e-04	7	false	GAMG	2.426180e-03	1.045790e-05	4	true
271           	smoothSolver	2.233170e-04	2.177530e-05	7	5.604500e-03	4.566780e-04	7	4.397080e-03	3.468500e-04	7	false	GAMG	2.449880e-03	1.064570e-05	4	true
272           	smoothSolver	2.245190e-04	2.187760e-05	7	5.634120e-03	4.556530e-04	7	4.411210e-03	3.457480e-04	7	false	GAMG	2.460760e-03	1.061830e-05	4	true
273           	smoothSolver	2.247760e-04	2.200560e-05	7	5.585110e-03	4.469560e-04	7	4.385590e-03	3.409370e-04	7	false	GAMG	2.468120e-03	1.050920e-05	4	true
274           	smoothSolver	2.244750e-04	2.218780e-05	7	5.536880e-03	4.386510e-04	7	4.327110e-03	3.352040e-04	7	false	GAMG	2.458610e-03	1.025860e-05	4	true
275           	smoothSolver	2.243050e-04	1.705390e-05	8	5.487570e-03	4.359160e-04	7	4.271350e-03	3.312330e-04	7	false	GAMG	2.455630e-03	1.048540e-05	4	true
276           	smoothSolver	2.245960e-04	1.725120e-05	8	5.483520e-03	4.390380e-04	7	4.254830e-03	3.305970e-04	7	false	GAMG	2.430100e-03	1.081210e-05	4	true
277           	smoothSolver	2.254360e-04	1.756060e-05	8	5.492390e-03	4.425740e-04	7	4.248680e-03	3.320070e-04	7	false	GAMG	2.410400e-03	1.098390e-05	4	true
278           	smoothSolver	2.275570e-04	1.789590e-05	8	5.525500e-03	4.471320e-04	7	4.245860e-03	3.351680e-04	7	false	GAMG	2.384070e-03	1.112030e-05	4	true
279           	smoothSolver	2.288740e-04	1.808010e-05	8	5.533460e-03	4.508310e-04	7	4.238750e-03	3.381920e-04	7	false	GAMG	2.373730e-03	1.137200e-05	4	true
280           	smoothSolver	2.295110e-04	1.810340e-05	8	5.544880e-03	4.527270e-04	7	4.225220e-03	3.398770e-04	7	false	GAMG	2.349000e-03	1.136580e-05	4	true
281           	smoothSolver	2.295700e-04	1.791510e-05	8	5.526940e-03	4.508760e-04	7	4.203230e-03	3.380000e-04	7	false	GAMG	2.327870e-03	1.134930e-05	4	true
282           	smoothSolver	2.289210e-04	1.759470e-05	8	5.506740e-03	4.472830e-04	7	4.165830e-03	3.330950e-04	7	false	GAMG	2.312090e-03	1.127440e-05	4	true
283           	smoothSolver	2.275980e-04	2.274320e-05	7	5.451080e-03	4.400670e-04	7	4.134200e-03	3.275880e-04	7	false	GAMG	2.312600e-03	1.123110e-05	4	true
284           	smoothSolver	2.259230e-04	2.222990e-05	7	5.370700e-03	4.270050e-04	7	4.078980e-03	3.192650e-04	7	false	GAMG	2.301290e-03	1.100370e-05	4	true
285           	smoothSolver	2.236070e-04	2.176830e-05	7	5.289360e-03	4.152620e-04	7	4.027110e-03	3.121200e-04	7	false	GAMG	2.294370e-03	1.094410e-05	4	true
286           	smoothSolver	2.216550e-04	2.147100e-05	7	5.233360e-03	4.047710e-04	7	3.980920e-03	3.065750e-04	7	false	GAMG	2.273640e-03	1.071470e-05	4	true
287           	smoothSolver	2.197470e-04	2.136400e-05	7	5.193750e-03	3.997550e-04	7	3.942780e-03	3.024730e-04	7	false	GAMG	2.264530e-03	1.044560e-05	4	true
288           	smoothSolver	2.188380e-04	2.138810e-05	7	5.210820e-03	4.029510e-04	7	3.927500e-03	3.002700e-04	7	false	GAMG	2.245190e-03	1.011250e-05	4	true
289           	smoothSolver	2.182050e-04	2.154460e-05	7	5.246360e-03	4.103750e-04	7	3.931200e-03	3.007460e-04	7	false	GAMG	2.237790e-03	1.006060e-05	4	true
290           	smoothSolver	2.191590e-04	2.177420e-05	7	5.308180e-03	4.217440e-04	7	3.951410e-03	3.048170e-04	7	false	GAMG	2.226990e-03	1.002760e-05	4	true
291           	smoothSolver	2.201550e-04	1.665400e-05	8	5.363660e-03	4.334800e-04	7	3.979630e-03	3.112590e-04	7	false	GAMG	2.227460e-03	1.020320e-05	4	true
292           	smoothSolver	2.223580e-04	2.219180e-05	7	5.428300e-03	4.461520e-04	7	4.028160e-03	3.215890e-04	7	false	GAMG	2.214280e-03	1.026430e-05	4	true
293           	smoothSolver	2.247870e-04	1.703100e-05	8	5.479450e-03	4.552070e-04	7	4.073470e-03	3.301870e-04	7	false	GAMG	2.213750e-03	1.021140e-05	4	true
294           	smoothSolver	2.275470e-04	2.273000e-05	7	5.552600e-03	4.654660e-04	7	4.138620e-03	3.405410e-04	7	false	GAMG	2.216480e-03	1.002050e-05	4	true
295           	smoothSolver	2.295000e-04	1.744760e-05	8	5.594870e-03	4.695120e-04	7	4.190640e-03	3.460870e-04	7	false	GAMG	2.226440e-03	9.867700e-06	4	true
296           	smoothSolver	2.323700e-04	1.767210e-05	8	5.663940e-03	4.759760e-04	7	4.253860e-03	3.525450e-04	7	false	GAMG	2.247330e-03	9.908570e-06	4	true
297           	smoothSolver	2.351300e-04	1.782780e-05	8	5.729070e-03	4.822470e-04	7	4.308160e-03	3.571130e-04	7	false	GAMG	2.276770e-03	1.007140e-05	4	true
298           	smoothSolver	2.381870e-04	2.372070e-05	7	5.805170e-03	4.863390e-04	7	4.370140e-03	3.618110e-04	7	false	GAMG	2.309710e-03	1.023950e-05	4	true
299           	smoothSolver	2.409950e-04	2.385700e-05	7	5.855010e-03	4.859050e-04	7	4.431630e-03	3.641380e-04	7	false	GAMG	2.352480e-03	1.044860e-05	4	true
300           	smoothSolver	2.440000e-04	2.391840e-05	7	5.915440e-03	4.826280e-04	7	4.506590e-03	3.651670e-04	7	false	GAMG	2.387560e-03	1.055710e-05	4	true
301           	smoothSolver	2.460170e-04	2.389020e-05	7	5.949610e-03	4.778760e-04	7	4.564610e-03	3.646220e-04	7	false	GAMG	2.435300e-03	1.075410e-05	4	true
302           	smoothSolver	2.483320e-04	2.393180e-05	7	5.994140e-03	4.709600e-04	7	4.639990e-03	3.655840e-04	7	false	GAMG	2.476800e-03	1.077150e-05	4	true
303           	smoothSolver	2.502750e-04	2.413300e-05	7	6.012970e-03	4.644440e-04	7	4.707210e-03	3.683620e-04	7	false	GAMG	2.521720e-03	1.080700e-05	4	true
304           	smoothSolver	2.530890e-04	2.444630e-05	7	6.071290e-03	4.605330e-04	7	4.803720e-03	3.719490e-04	7	false	GAMG	2.551750e-03	1.081870e-05	4	true
305           	smoothSolver	2.553410e-04	2.471140e-05	7	6.108730e-03	4.561290e-04	7	4.866190e-03	3.748340e-04	7	false	GAMG	2.598290e-03	1.099240e-05	4	true
306           	smoothSolver	2.582510e-04	2.497430e-05	7	6.157500e-03	4.527220e-04	7	4.955180e-03	3.757670e-04	7	false	GAMG	2.639650e-03	1.111020e-05	4	true
307           	smoothSolver	2.599550e-04	2.509950e-05	7	6.187090e-03	6.167460e-04	6	5.035450e-03	3.780220e-04	7	false	GAMG	2.696140e-03	1.125710e-05	4	true
308           	smoothSolver	2.622860e-04	2.512320e-05	7	6.249190e-03	6.193130e-04	6	5.121630e-03	3.796510e-04	7	false	GAMG	2.740710e-03	1.155890e-05	4	true
309           	smoothSolver	2.637930e-04	2.517810e-05	7	6.289390e-03	6.224590e-04	6	5.199270e-03	3.834620e-04	7	false	GAMG	2.784630e-03	1.170690e-05	4	true
310           	smoothSolver	2.654280e-04	2.516520e-05	7	6.339700e-03	6.254890e-04	6	5.295780e-03	5.236170e-04	6	false	GAMG	2.820920e-03	1.168050e-05	4	true
311           	smoothSolver	2.661890e-04	2.505300e-05	7	6.370410e-03	6.304560e-04	6	5.378530e-03	5.302830e-04	6	false	GAMG	2.866290e-03	1.173030e-05	4	true
312           	smoothSolver	2.667840e-04	2.486050e-05	7	6.410890e-03	6.338340e-04	6	5.470360e-03	5.364720e-04	6	false	GAMG	2.887390e-03	1.193040e-05	4	true
313           	smoothSolver	2.660380e-04	2.465150e-05	7	6.385240e-03	6.324700e-04	6	5.500770e-03	5.424740e-04	6	false	GAMG	2.904450e-03	1.223110e-05	4	true
314           	smoothSolver	2.657130e-04	2.456150e-05	7	6.377800e-03	6.337000e-04	6	5.509150e-03	5.418630e-04	6	false	GAMG	2.903320e-03	1.231300e-05	4	true
315           	smoothSolver	2.654240e-04	2.439760e-05	7	6.357790e-03	4.692930e-04	7	5.521770e-03	5.454530e-04	6	false	GAMG	2.907780e-03	1.238610e-05	4	true
316           	smoothSolver	2.660980e-04	2.441840e-05	7	6.401150e-03	4.777210e-04	7	5.551170e-03	5.507720e-04	6	false	GAMG	2.902650e-03	1.239790e-05	4	true
317           	smoothSolver	2.657520e-04	2.451230e-05	7	6.413150e-03	4.862940e-04	7	5.557280e-03	4.147900e-04	7	false	GAMG	2.913900e-03	1.257970e-05	4	true
318           	smoothSolver	2.663490e-04	2.461560e-05	7	6.470700e-03	4.958110e-04	7	5.603720e-03	4.190510e-04	7	false	GAMG	2.926270e-03	1.255330e-05	4	true
319           	smoothSolver	2.665070e-04	2.466540e-05	7	6.517090e-03	5.021460e-04	7	5.644260e-03	4.254960e-04	7	false	GAMG	2.957740e-03	1.225590e-05	4	true
320           	smoothSolver	2.663220e-04	2.454230e-05	7	6.589510e-03	5.082860e-04	7	5.713740e-03	4.300770e-04	7	false	GAMG	2.969590e-03	2.900250e-05	3	true
321           	smoothSolver	2.643730e-04	2.421830e-05	7	6.575050e-03	5.021880e-04	7	5.706910e-03	4.267840e-04	7	false	GAMG	2.982300e-03	1.297940e-05	4	true
322           	smoothSolver	2.654760e-04	2.421350e-05	7	6.652040e-03	5.062730e-04	7	5.765350e-03	4.293640e-04	7	false	GAMG	2.988080e-03	1.238490e-05	4	true
323           	smoothSolver	2.641150e-04	2.414070e-05	7	6.613300e-03	5.008150e-04	7	5.746010e-03	4.247220e-04	7	false	GAMG	2.995180e-03	1.244120e-05	4	true
324           	smoothSolver	2.653370e-04	2.427520e-05	7	6.607310e-03	4.995740e-04	7	5.736800e-03	5.720060e-04	6	false	GAMG	2.992270e-03	1.210850e-05	4	true
325           	smoothSolver	2.649730e-04	2.442910e-05	7	6.595630e-03	4.995930e-04	7	5.700500e-03	4.220750e-04	7	false	GAMG	2.997150e-03	1.223580e-05	4	true
326           	smoothSolver	2.638470e-04	2.447380e-05	7	6.577570e-03	4.954360e-04	7	5.667090e-03	5.619110e-04	6	false	GAMG	2.973140e-03	1.202850e-05	4	true
327           	smoothSolver	2.613680e-04	2.449360e-05	7	6.493900e-03	4.872460e-04	7	5.586670e-03	5.525490e-04	6	false	GAMG	2.942230e-03	1.177340e-05	4	true
328           	smoothSolver	2.591320e-04	2.442510e-05	7	6.412530e-03	4.781280e-04	7	5.528180e-03	5.464000e-04	6	false	GAMG	2.915330e-03	1.154740e-05	4	true
329           	smoothSolver	2.565620e-04	2.432520e-05	7	6.324610e-03	4.704780e-04	7	5.471690e-03	5.416130e-04	6	false	GAMG	2.887590e-03	1.138520e-05	4	true
330           	smoothSolver	2.544560e-04	2.418890e-05	7	6.245270e-03	4.619790e-04	7	5.402680e-03	5.361840e-04	6	false	GAMG	2.857640e-03	1.119660e-05	4	true
331           	smoothSolver	2.515730e-04	2.403790e-05	7	6.132370e-03	4.537040e-04	7	5.329470e-03	5.271510e-04	6	false	GAMG	2.834230e-03	1.096230e-05	4	true
332           	smoothSolver	2.496830e-04	2.392360e-05	7	6.044570e-03	4.483980e-04	7	5.259540e-03	5.188370e-04	6	false	GAMG	2.806820e-03	1.081660e-05	4	true
333           	smoothSolver	2.470610e-04	2.380550e-05	7	5.963010e-03	4.458300e-04	7	5.178320e-03	5.114840e-04	6	false	GAMG	2.790790e-03	1.071170e-05	4	true
334           	smoothSolver	2.462940e-04	2.379150e-05	7	5.935240e-03	4.465860e-04	7	5.123280e-03	5.081930e-04	6	false	GAMG	2.774620e-03	1.075410e-05	4	true
335           	smoothSolver	2.455650e-04	2.379810e-05	7	5.926640e-03	4.494230e-04	7	5.070730e-03	3.750260e-04	7	false	GAMG	2.770160e-03	1.085790e-05	4	true
336           	smoothSolver	2.459800e-04	2.379910e-05	7	5.941660e-03	4.543950e-04	7	5.029990e-03	3.727580e-04	7	false	GAMG	2.766300e-03	1.075690e-05	4	true
337           	smoothSolver	2.463190e-04	2.369150e-05	7	5.958960e-03	4.587250e-04	7	4.998910e-03	3.684660e-04	7	false	GAMG	2.764780e-03	1.064530e-05	4	true
338           	smoothSolver	2.463770e-04	2.349640e-05	7	5.979200e-03	4.629140e-04	7	4.971890e-03	4.923080e-04	6	false	GAMG	2.747460e-03	1.066830e-05	4	true
339           	smoothSolver	2.442590e-04	2.322820e-05	7	5.961980e-03	4.653260e-04	7	4.942160e-03	4.869890e-04	6	false	GAMG	2.728570e-03	1.087390e-05	4	true
340           	smoothSolver	2.426480e-04	2.308210e-05	7	5.960690e-03	4.699170e-04	7	4.911640e-03	4.850210e-04	6	false	GAMG	2.699960e-03	1.103640e-05	4	true
341           	smoothSolver	2.393960e-04	2.294700e-05	7	5.923500e-03	4.727500e-04	7	4.880360e-03	4.864380e-04	6	false	GAMG	2.674110e-03	1.114780e-05	4	true
342           	smoothSolver	2.363580e-04	2.289610e-05	7	5.878250e-03	4.739260e-04	7	4.840150e-03	3.611180e-04	7	false	GAMG	2.638760e-03	1.144250e-05	4	true
343           	smoothSolver	2.336600e-04	2.296290e-05	7	5.816240e-03	4.735380e-04	7	4.777280e-03	3.607860e-04	7	false	GAMG	2.589630e-03	1.132390e-05	4	true
344           	smoothSolver	2.311400e-04	2.292000e-05	7	5.726340e-03	4.690470e-04	7	4.695320e-03	3.582300e-04	7	false	GAMG	2.531070e-03	1.108340e-05	4	true
345           	smoothSolver	2.278670e-04	1.735840e-05	8	5.605920e-03	4.614800e-04	7	4.588330e-03	3.534630e-04	7	false	GAMG	2.478640e-03	1.081860e-05	4	true
346           	smoothSolver	2.250380e-04	1.714580e-05	8	5.491820e-03	4.513130e-04	7	4.485180e-03	3.479470e-04	7	false	GAMG	2.427630e-03	1.047740e-05	4	true
347           	smoothSolver	2.213410e-04	1.688620e-05	8	5.358310e-03	4.400660e-04	7	4.377150e-03	3.412700e-04	7	false	GAMG	2.384160e-03	1.011410e-05	4	true
348           	smoothSolver	2.187550e-04	2.186980e-05	7	5.242460e-03	4.299060e-04	7	4.287410e-03	3.336970e-04	7	false	GAMG	2.341440e-03	9.786630e-06	4	true
349           	smoothSolver	2.160540e-04	2.156000e-05	7	5.122900e-03	4.190480e-04	7	4.186400e-03	3.250430e-04	7	false	GAMG	2.297670e-03	9.374390e-06	4	true
350           	smoothSolver	2.131870e-04	2.114570e-05	7	5.011870e-03	4.070460e-04	7	4.093310e-03	3.160450e-04	7	false	GAMG	2.263470e-03	9.037480e-06	4	true
351           	smoothSolver	2.092390e-04	2.068610e-05	7	4.892630e-03	3.941810e-04	7	3.999480e-03	3.079490e-04	7	false	GAMG	2.232920e-03	8.723370e-06	4	true
352           	smoothSolver	2.053200e-04	2.020470e-05	7	4.779420e-03	3.793110e-04	7	3.931790e-03	3.010080e-04	7	false	GAMG	2.196780e-03	8.505680e-06	4	true
353           	smoothSolver	2.001000e-04	1.965620e-05	7	4.652080e-03	3.647870e-04	7	3.859300e-03	2.944230e-04	7	false	GAMG	2.165380e-03	8.306230e-06	4	true
354           	smoothSolver	1.960080e-04	1.899560e-05	7	4.538060e-03	3.494720e-04	7	3.811370e-03	2.872520e-04	7	false	GAMG	2.130470e-03	8.102670e-06	4	true
355           	smoothSolver	1.908890e-04	1.834720e-05	7	4.434620e-03	3.363440e-04	7	3.774550e-03	2.824720e-04	7	false	GAMG	2.100790e-03	7.937990e-06	4	true
356           	smoothSolver	1.863740e-04	1.761280e-05	7	4.357490e-03	3.253640e-04	7	3.742470e-03	2.778010e-04	7	false	GAMG	2.077170e-03	2.074430e-05	3	true
357           	smoothSolver	1.808130e-04	1.682860e-05	7	4.264530e-03	4.245370e-04	6	3.688440e-03	3.656110e-04	6	false	GAMG	2.060820e-03	8.307470e-06	4	true
358           	smoothSolver	1.785410e-04	1.633610e-05	7	4.290220e-03	4.269970e-04	6	3.722230e-03	3.688910e-04	6	false	GAMG	2.046290e-03	1.995330e-05	3	true
359           	smoothSolver	1.732250e-04	1.570110e-05	7	4.205490e-03	4.132970e-04	6	3.663360e-03	3.596180e-04	6	false	GAMG	2.033950e-03	8.378110e-06	4	true
360           	smoothSolver	1.717340e-04	1.545730e-05	7	4.234270e-03	4.191420e-04	6	3.681620e-03	3.619260e-04	6	false	GAMG	2.021940e-03	7.694430e-06	4	true
361           	smoothSolver	1.687100e-04	1.510100e-05	7	4.194400e-03	4.106250e-04	6	3.640850e-03	3.562480e-04	6	false	GAMG	2.006260e-03	7.748510e-06	4	true
362           	smoothSolver	1.664920e-04	1.482340e-05	7	4.154760e-03	4.046770e-04	6	3.595810e-03	3.496130e-04	6	false	GAMG	1.990080e-03	7.650770e-06	4	true
363           	smoothSolver	1.642970e-04	1.462040e-05	7	4.114970e-03	4.014050e-04	6	3.564430e-03	3.448940e-04	6	false	GAMG	1.981100e-03	7.540580e-06	4	true
364           	smoothSolver	1.626940e-04	1.442800e-05	7	4.084780e-03	3.999310e-04	6	3.538900e-03	3.401890e-04	6	false	GAMG	1.964120e-03	7.377290e-06	4	true
365           	smoothSolver	1.599940e-04	1.426240e-05	7	4.041010e-03	3.978350e-04	6	3.479680e-03	3.349160e-04	6	false	GAMG	1.955600e-03	7.307170e-06	4	true
366           	smoothSolver	1.582800e-04	1.411210e-05	7	3.997550e-03	3.944920e-04	6	3.429880e-03	3.300290e-04	6	false	GAMG	1.940230e-03	7.334120e-06	4	true
367           	smoothSolver	1.563400e-04	1.402150e-05	7	3.950220e-03	3.923570e-04	6	3.377030e-03	3.270280e-04	6	false	GAMG	1.926620e-03	7.486300e-06	4	true
368           	smoothSolver	1.547490e-04	1.390040e-05	7	3.911440e-03	3.901580e-04	6	3.338540e-03	3.256460e-04	6	false	GAMG	1.905870e-03	7.523910e-06	4	true
369           	smoothSolver	1.532510e-04	1.378500e-05	7	3.875030e-03	2.883910e-04	7	3.309530e-03	3.263110e-04	6	false	GAMG	1.887840e-03	7.563800e-06	4	true
370           	smoothSolver	1.527630e-04	1.374690e-05	7	3.858040e-03	2.885190e-04	7	3.283360e-03	3.261470e-04	6	false	GAMG	1.867690e-03	7.400040e-06	4	true
371           	smoothSolver	1.515880e-04	1.366490e-05	7	3.832270e-03	2.889150e-04	7	3.252840e-03	2.410350e-04	7	false	GAMG	1.868330e-03	7.400380e-06	4	true
372           	smoothSolver	1.513610e-04	1.364350e-05	7	3.825080e-03	2.900000e-04	7	3.232720e-03	3.209520e-04	6	false	GAMG	1.862270e-03	7.069450e-06	4	true
373           	smoothSolver	1.500980e-04	1.359160e-05	7	3.808110e-03	2.880150e-04	7	3.210910e-03	3.183500e-04	6	false	GAMG	1.863620e-03	7.059190e-06	4	true
374           	smoothSolver	1.494840e-04	1.358540e-05	7	3.791370e-03	2.850950e-04	7	3.201820e-03	3.168760e-04	6	false	GAMG	1.859890e-03	6.988140e-06	4	true
375           	smoothSolver	1.488610e-04	1.353490e-05	7	3.756560e-03	2.809650e-04	7	3.188490e-03	3.161390e-04	6	false	GAMG	1.860820e-03	7.039890e-06	4	true
376           	smoothSolver	1.485470e-04	1.354030e-05	7	3.739400e-03	2.768680e-04	7	3.180530e-03	3.146490e-04	6	false	GAMG	1.859540e-03	7.079080e-06	4	true
377           	smoothSolver	1.477010e-04	1.352490e-05	7	3.704430e-03	2.734940e-04	7	3.163500e-03	3.137530e-04	6	false	GAMG	1.864550e-03	7.308950e-06	4	true
378           	smoothSolver	1.477990e-04	1.352170e-05	7	3.697260e-03	3.690050e-04	6	3.179240e-03	3.137560e-04	6	false	GAMG	1.872180e-03	7.514900e-06	4	true
379           	smoothSolver	1.472810e-04	1.343340e-05	7	3.688450e-03	3.660430e-04	6	3.179200e-03	3.104740e-04	6	false	GAMG	1.880340e-03	7.726410e-06	4	true
380           	smoothSolver	1.475670e-04	1.334390e-05	7	3.697570e-03	3.641170e-04	6	3.179720e-03	3.073530e-04	6	false	GAMG	1.892010e-03	7.875280e-06	4	true
381           	smoothSolver	1.467760e-04	1.314160e-05	7	3.687280e-03	3.590560e-04	6	3.166930e-03	3.028920e-04	6	false	GAMG	1.909000e-03	7.943460e-06	4	true
382           	smoothSolver	1.466180e-04	1.292150e-05	7	3.692960e-03	3.540090e-04	6	3.188740e-03	3.004970e-04	6	false	GAMG	1.915460e-03	7.861660e-06	4	true
383           	smoothSolver	1.460190e-04	1.266110e-05	7	3.681140e-03	3.506050e-04	6	3.163630e-03	2.987010e-04	6	false	GAMG	1.918140e-03	7.663060e-06	4	true
384           	smoothSolver	1.454820e-04	1.238450e-05	7	3.680550e-03	3.486910e-04	6	3.166730e-03	2.964800e-04	6	false	GAMG	1.911150e-03	7.427150e-06	4	true
385           	smoothSolver	1.443580e-04	1.217340e-05	7	3.665720e-03	3.474570e-04	6	3.159980e-03	2.935390e-04	6	false	GAMG	1.906350e-03	1.855420e-05	3	true
386           	smoothSolver	1.427730e-04	1.193520e-05	7	3.627780e-03	3.417770e-04	6	3.127820e-03	2.869720e-04	6	false	GAMG	1.895020e-03	1.856580e-05	3	true
387           	smoothSolver	1.415820e-04	1.180570e-05	7	3.607840e-03	3.400020e-04	6	3.119070e-03	2.846100e-04	6	false	GAMG	1.885920e-03	1.782520e-05	3	true
388           	smoothSolver	1.414190e-04	1.176490e-05	7	3.605870e-03	3.382890e-04	6	3.120460e-03	2.836150e-04	6	false	GAMG	1.879160e-03	1.751570e-05	3	true
389           	smoothSolver	1.405950e-04	1.179690e-05	7	3.605630e-03	3.380140e-04	6	3.119680e-03	2.839350e-04	6	false	GAMG	1.877900e-03	1.740360e-05	3	true
390           	smoothSolver	1.406680e-04	1.181510e-05	7	3.629150e-03	3.392900e-04	6	3.134190e-03	2.873980e-04	6	false	GAMG	1.878220e-03	1.769130e-05	3	true
391           	smoothSolver	1.404080e-04	1.197860e-05	7	3.649300e-03	3.413740e-04	6	3.148640e-03	2.903180e-04	6	false	GAMG	1.883980e-03	1.822420e-05	3	true
392           	smoothSolver	1.416540e-04	1.215860e-05	7	3.702330e-03	3.467300e-04	6	3.177530e-03	2.939040e-04	6	false	GAMG	1.891270e-03	1.883510e-05	3	true
393           	smoothSolver	1.426210e-04	1.242780e-05	7	3.752720e-03	3.540740e-04	6	3.201970e-03	2.947430e-04	6	false	GAMG	1.896360e-03	6.823920e-06	4	true
394           	smoothSolver	1.450050e-04	1.276500e-05	7	3.824080e-03	3.674140e-04	6	3.252130e-03	3.012260e-04	6	false	GAMG	1.894930e-03	6.874980e-06	4	true
395           	smoothSolver	1.460630e-04	1.303510e-05	7	3.826890e-03	3.730400e-04	6	3.249600e-03	3.016830e-04	6	false	GAMG	1.892780e-03	7.267100e-06	4	true
396           	smoothSolver	1.472590e-04	1.323560e-05	7	3.820990e-03	3.773780e-04	6	3.255230e-03	3.046020e-04	6	false	GAMG	1.889880e-03	7.524430e-06	4	true
397           	smoothSolver	1.479620e-04	1.345500e-05	7	3.801960e-03	2.813560e-04	7	3.250520e-03	3.084510e-04	6	false	GAMG	1.889390e-03	7.634470e-06	4	true
398           	smoothSolver	1.496850e-04	1.362850e-05	7	3.795860e-03	2.813400e-04	7	3.258650e-03	3.133050e-04	6	false	GAMG	1.890890e-03	7.561840e-06	4	true
399           	smoothSolver	1.508160e-04	1.377550e-05	7	3.775730e-03	2.813290e-04	7	3.265580e-03	3.178640e-04	6	false	GAMG	1.904740e-03	7.470200e-06	4	true
400           	smoothSolver	1.523760e-04	1.389950e-05	7	3.769840e-03	2.784420e-04	7	3.287020e-03	3.198870e-04	6	false	GAMG	1.912650e-03	7.318460e-06	4	true
401           	smoothSolver	1.531350e-04	1.406900e-05	7	3.757940e-03	2.776690e-04	7	3.295890e-03	3.235530e-04	6	false	GAMG	1.921750e-03	7.187920e-06	4	true
402           	smoothSolver	1.544270e-04	1.427020e-05	7	3.764490e-03	2.773270e-04	7	3.306020e-03	3.258650e-04	6	false	GAMG	1.920660e-03	7.079150e-06	4	true
403           	smoothSolver	1.547190e-04	1.442210e-05	7	3.756900e-03	2.775440e-04	7	3.303960e-03	3.280400e-04	6	false	GAMG	1.915200e-03	7.086340e-06	4	true
404           	smoothSolver	1.550180e-04	1.453290e-05	7	3.750250e-03	2.777840e-04	7	3.301310e-03	3.298960e-04	6	false	GAMG	1.899040e-03	7.117320e-06	4	true
405           	smoothSolver	1.546240e-04	1.461570e-05	7	3.720440e-03	2.779500e-04	7	3.279100e-03	2.457160e-04	7	false	GAMG	1.887260e-03	7.147330e-06	4	true
406           	smoothSolver	1.545710e-04	1.467160e-05	7	3.712770e-03	2.782280e-04	7	3.268390e-03	2.463240e-04	7	false	GAMG	1.873570e-03	7.055680e-06	4	true
407           	smoothSolver	1.536350e-04	1.465820e-05	7	3.671320e-03	2.763790e-04	7	3.241940e-03	2.453720e-04	7	false	GAMG	1.860540e-03	6.984200e-06	4	true
408           	smoothSolver	1.530970e-04	1.458000e-05	7	3.638020e-03	2.739600e-04	7	3.219750e-03	2.441290e-04	7	false	GAMG	1.845790e-03	6.989940e-06	4	true
409           	smoothSolver	1.516420e-04	1.449780e-05	7	3.588350e-03	2.706270e-04	7	3.177040e-03	2.410940e-04	7	false	GAMG	1.835260e-03	7.020260e-06	4	true
410           	smoothSolver	1.513340e-04	1.437960e-05	7	3.560920e-03	2.671630e-04	7	3.149210e-03	2.379750e-04	7	false	GAMG	1.823560e-03	7.109540e-06	4	true
411           	smoothSolver	1.500020e-04	1.430530e-05	7	3.513670e-03	2.638460e-04	7	3.112530e-03	2.351380e-04	7	false	GAMG	1.816410e-03	7.198120e-06	4	true
412           	smoothSolver	1.494750e-04	1.425310e-05	7	3.487440e-03	2.620850e-04	7	3.095700e-03	2.329100e-04	7	false	GAMG	1.807230e-03	7.260330e-06	4	true
413           	smoothSolver	1.486840e-04	1.424860e-05	7	3.450720e-03	2.605830e-04	7	3.072030e-03	2.307200e-04	7	false	GAMG	1.799860e-03	7.326660e-06	4	true
414           	smoothSolver	1.485730e-04	1.423940e-05	7	3.433560e-03	2.596220e-04	7	3.067730e-03	2.292270e-04	7	false	GAMG	1.788440e-03	7.360340e-06	4	true
415           	smoothSolver	1.479240e-04	1.422280e-05	7	3.414050e-03	2.585310e-04	7	3.050690e-03	2.277830e-04	7	false	GAMG	1.784020e-03	7.317640e-06	4	true
416           	smoothSolver	1.479570e-04	1.415540e-05	7	3.404730e-03	2.575540e-04	7	3.047560e-03	2.266100e-04	7	false	GAMG	1.780510e-03	7.214960e-06	4	true
417           	smoothSolver	1.475580e-04	1.412130e-05	7	3.394230e-03	2.566030e-04	7	3.036050e-03	2.254720e-04	7	false	GAMG	1.775900e-03	7.052640e-06	4	true
418           	smoothSolver	1.477040e-04	1.402520e-05	7	3.393390e-03	2.565980e-04	7	3.034910e-03	3.027130e-04	6	false	GAMG	1.770140e-03	6.841130e-06	4	true
419           	smoothSolver	1.473660e-04	1.387990e-05	7	3.384400e-03	2.556070e-04	7	3.034450e-03	2.256780e-04	7	false	GAMG	1.766810e-03	6.909930e-06	4	true
420           	smoothSolver	1.473410e-04	1.376570e-05	7	3.388780e-03	2.558410e-04	7	3.036020e-03	3.029880e-04	6	false	GAMG	1.764940e-03	6.769450e-06	4	true
421           	smoothSolver	1.467400e-04	1.366890e-05	7	3.380190e-03	2.551940e-04	7	3.030140e-03	2.253070e-04	7	false	GAMG	1.762010e-03	6.903660e-06	4	true
422           	smoothSolver	1.462960e-04	1.361480e-05	7	3.386150e-03	2.552850e-04	7	3.030310e-03	3.020350e-04	6	false	GAMG	1.750740e-03	6.735880e-06	4	true
423           	smoothSolver	1.451880e-04	1.357090e-05	7	3.370310e-03	2.539070e-04	7	3.016910e-03	2.238120e-04	7	false	GAMG	1.735670e-03	6.821450e-06	4	true
424           	smoothSolver	1.441360e-04	1.352300e-05	7	3.356150e-03	2.527670e-04	7	3.003540e-03	2.992010e-04	6	false	GAMG	1.716890e-03	6.648000e-06	4	true
425           	smoothSolver	1.427150e-04	1.346940e-05	7	3.318560e-03	2.499440e-04	7	2.979740e-03	2.966530e-04	6	false	GAMG	1.693200e-03	6.577700e-06	4	true
426           	smoothSolver	1.412310e-04	1.337930e-05	7	3.282110e-03	2.459350e-04	7	2.969660e-03	2.943140e-04	6	false	GAMG	1.677580e-03	6.500410e-06	4	true
427           	smoothSolver	1.399540e-04	1.332570e-05	7	3.242040e-03	2.426400e-04	7	2.947490e-03	2.908780e-04	6	false	GAMG	1.655960e-03	6.369450e-06	4	true
428           	smoothSolver	1.385840e-04	1.322920e-05	7	3.207420e-03	2.392600e-04	7	2.928030e-03	2.873000e-04	6	false	GAMG	1.634610e-03	6.271860e-06	4	true
429           	smoothSolver	1.367200e-04	1.309550e-05	7	3.151740e-03	2.352270e-04	7	2.892490e-03	2.844720e-04	6	false	GAMG	1.611500e-03	6.102520e-06	4	true
430           	smoothSolver	1.355450e-04	1.295340e-05	7	3.108960e-03	2.318170e-04	7	2.858750e-03	2.810660e-04	6	false	GAMG	1.589790e-03	5.965690e-06	4	true
431           	smoothSolver	1.342720e-04	1.279350e-05	7	3.060760e-03	2.276110e-04	7	2.818570e-03	2.764610e-04	6	false	GAMG	1.566400e-03	5.820760e-06	4	true
432           	smoothSolver	1.334540e-04	1.273040e-05	7	3.021120e-03	2.246610e-04	7	2.795190e-03	2.758920e-04	6	false	GAMG	1.544010e-03	5.747030e-06	4	true
433           	smoothSolver	1.325710e-04	1.265440e-05	7	2.979070e-03	2.214210e-04	7	2.765730e-03	2.735710e-04	6	false	GAMG	1.520720e-03	5.676980e-06	4	true
434           	smoothSolver	1.320770e-04	1.262480e-05	7	2.947050e-03	2.195620e-04	7	2.738690e-03	2.738390e-04	6	false	GAMG	1.500840e-03	5.750910e-06	4	true
435           	smoothSolver	1.313810e-04	1.257200e-05	7	2.924010e-03	2.185260e-04	7	2.710920e-03	2.025980e-04	7	false	GAMG	1.486090e-03	5.865430e-06	4	true
436           	smoothSolver	1.313800e-04	1.255380e-05	7	2.918960e-03	2.197370e-04	7	2.695660e-03	2.017780e-04	7	false	GAMG	1.473110e-03	5.910630e-06	4	true
437           	smoothSolver	1.306290e-04	1.245060e-05	7	2.903010e-03	2.208990e-04	7	2.667420e-03	2.001820e-04	7	false	GAMG	1.460430e-03	5.895000e-06	4	true
438           	smoothSolver	1.304240e-04	1.238970e-05	7	2.897630e-03	2.229320e-04	7	2.651060e-03	1.998010e-04	7	false	GAMG	1.448610e-03	5.961100e-06	4	true
439           	smoothSolver	1.298140e-04	1.229360e-05	7	2.889280e-03	2.246080e-04	7	2.627680e-03	1.988190e-04	7	false	GAMG	1.442240e-03	5.936070e-06	4	true
440           	smoothSolver	1.298060e-04	1.229480e-05	7	2.881920e-03	2.249800e-04	7	2.611530e-03	1.979650e-04	7	false	GAMG	1.434060e-03	5.887970e-06	4	true
441           	smoothSolver	1.295210e-04	1.234520e-05	7	2.875730e-03	2.245600e-04	7	2.591590e-03	1.975690e-04	7	false	GAMG	1.429850e-03	5.826630e-06	4	true
442           	smoothSolver	1.296680e-04	1.250290e-05	7	2.865680e-03	2.242050e-04	7	2.580260e-03	1.978400e-04	7	false	GAMG	1.419270e-03	5.689240e-06	4	true
443           	smoothSolver	1.287710e-04	1.260580e-05	7	2.843380e-03	2.239010e-04	7	2.561740e-03	1.971710e-04	7	false	GAMG	1.415250e-03	5.570110e-06	4	true
444           	smoothSolver	1.283780e-04	1.274940e-05	7	2.826720e-03	2.243160e-04	7	2.548870e-03	1.971050e-04	7	false	GAMG	1.404370e-03	5.401020e-06	4	true
445           	smoothSolver	1.275560e-04	9.729550e-06	8	2.794090e-03	2.242100e-04	7	2.519120e-03	1.959320e-04	7	false	GAMG	1.396600e-03	5.260280e-06	4	true
446           	smoothSolver	1.267160e-04	9.715120e-06	8	2.770530e-03	2.252910e-04	7	2.501640e-03	1.959360e-04	7	false	GAMG	1.387700e-03	5.155800e-06	4	true
447           	smoothSolver	1.256370e-04	9.706530e-06	8	2.736690e-03	2.252700e-04	7	2.475070e-03	1.960120e-04	7	false	GAMG	1.376490e-03	5.184010e-06	4	true
448           	smoothSolver	1.250440e-04	9.718760e-06	8	2.722200e-03	2.260330e-04	7	2.465950e-03	1.974720e-04	7	false	GAMG	1.361880e-03	5.194480e-06	4	true
449           	smoothSolver	1.238960e-04	9.727470e-06	8	2.692990e-03	2.250130e-04	7	2.443180e-03	1.989460e-04	7	false	GAMG	1.350390e-03	5.288910e-06	4	true
450           	smoothSolver	1.236870e-04	9.726690e-06	8	2.683470e-03	2.243750e-04	7	2.442280e-03	2.007020e-04	7	false	GAMG	1.337580e-03	5.282070e-06	4	true
451           	smoothSolver	1.232340e-04	9.682820e-06	8	2.662570e-03	2.237750e-04	7	2.433490e-03	2.013140e-04	7	false	GAMG	1.330610e-03	5.345100e-06	4	true
452           	smoothSolver	1.230230e-04	9.581490e-06	8	2.656710e-03	2.219800e-04	7	2.437840e-03	2.009950e-04	7	false	GAMG	1.322210e-03	5.272060e-06	4	true
453           	smoothSolver	1.220590e-04	9.453810e-06	8	2.626420e-03	2.192270e-04	7	2.422750e-03	1.991550e-04	7	false	GAMG	1.315450e-03	5.255700e-06	4	true
454           	smoothSolver	1.215610e-04	9.313860e-06	8	2.613500e-03	2.159600e-04	7	2.415170e-03	1.965660e-04	7	false	GAMG	1.307460e-03	5.144210e-06	4	true
455           	smoothSolver	1.204240e-04	9.184150e-06	8	2.578880e-03	2.113320e-04	7	2.390260e-03	1.926520e-04	7	false	GAMG	1.299510e-03	5.062450e-06	4	true
456           	smoothSolver	1.195410e-04	1.193480e-05	7	2.559100e-03	2.062300e-04	7	2.375810e-03	1.892390e-04	7	false	GAMG	1.288040e-03	4.951250e-06	4	true
457           	smoothSolver	1.177420e-04	1.167370e-05	7	2.509710e-03	1.989940e-04	7	2.338590e-03	1.839490e-04	7	false	GAMG	1.274460e-03	4.870390e-06	4	true
458           	smoothSolver	1.163370e-04	1.134990e-05	7	2.468480e-03	1.930970e-04	7	2.310160e-03	1.796920e-04	7	false	GAMG	1.264850e-03	4.784710e-06	4	true
459           	smoothSolver	1.144280e-04	1.103560e-05	7	2.422650e-03	1.870880e-04	7	2.272690e-03	1.758150e-04	7	false	GAMG	1.255390e-03	4.774920e-06	4	true
460           	smoothSolver	1.129500e-04	1.070670e-05	7	2.400370e-03	1.826520e-04	7	2.253940e-03	1.721170e-04	7	false	GAMG	1.250820e-03	4.825450e-06	4	true
461           	smoothSolver	1.113310e-04	1.046270e-05	7	2.379680e-03	1.796290e-04	7	2.238360e-03	1.689800e-04	7	false	GAMG	1.244940e-03	4.866740e-06	4	true
462           	smoothSolver	1.103850e-04	1.023430e-05	7	2.378160e-03	1.782130e-04	7	2.235780e-03	1.666200e-04	7	false	GAMG	1.238400e-03	4.838630e-06	4	true
463           	smoothSolver	1.089120e-04	1.005990e-05	7	2.364300e-03	1.765840e-04	7	2.224870e-03	1.646220e-04	7	false	GAMG	1.233620e-03	4.819030e-06	4	true
464           	smoothSolver	1.075540e-04	9.862850e-06	7	2.360760e-03	1.751070e-04	7	2.215820e-03	2.201340e-04	6	false	GAMG	1.225730e-03	4.691060e-06	4	true
465           	smoothSolver	1.057280e-04	9.725820e-06	7	2.332620e-03	1.722630e-04	7	2.202000e-03	2.186130e-04	6	false	GAMG	1.217790e-03	4.701090e-06	4	true
466           	smoothSolver	1.047010e-04	9.585840e-06	7	2.313680e-03	2.305770e-04	6	2.193610e-03	2.167510e-04	6	false	GAMG	1.210920e-03	4.651000e-06	4	true
467           	smoothSolver	1.032900e-04	9.506770e-06	7	2.287040e-03	2.271140e-04	6	2.170740e-03	2.134130e-04	6	false	GAMG	1.202770e-03	4.617090e-06	4	true
468           	smoothSolver	1.026810e-04	9.456050e-06	7	2.272890e-03	2.243320e-04	6	2.155210e-03	2.096620e-04	6	false	GAMG	1.191220e-03	4.551790e-06	4	true
469           	smoothSolver	1.018380e-04	9.446350e-06	7	2.245390e-03	2.208520e-04	6	2.130700e-03	2.062980e-04	6	false	GAMG	1.178410e-03	4.514640e-06	4	true
470           	smoothSolver	1.012340e-04	9.417240e-06	7	2.225820e-03	2.183850e-04	6	2.116600e-03	2.035840e-04	6	false	GAMG	1.162120e-03	4.467880e-06	4	true
471           	smoothSolver	1.001890e-04	9.403100e-06	7	2.195590e-03	2.168110e-04	6	2.088550e-03	2.017770e-04	6	false	GAMG	1.152030e-03	4.476090e-06	4	true
472           	smoothSolver	9.977840e-05	9.376030e-06	7	2.183640e-03	2.158670e-04	6	2.080000e-03	2.010130e-04	6	false	GAMG	1.141060e-03	4.477740e-06	4	true
473           	smoothSolver	9.916500e-05	9.337240e-06	7	2.167610e-03	2.158700e-04	6	2.059250e-03	2.001760e-04	6	false	GAMG	1.130570e-03	4.449500e-06	4	true
474           	smoothSolver	9.839150e-05	9.244750e-06	7	2.150220e-03	2.145770e-04	6	2.045670e-03	2.000030e-04	6	false	GAMG	1.122220e-03	4.386000e-06	4	true
475           	smoothSolver	9.774000e-05	9.216150e-06	7	2.132300e-03	1.597310e-04	7	2.016520e-03	1.976530e-04	6	false	GAMG	1.116390e-03	4.318500e-06	4	true
476           	smoothSolver	9.732830e-05	9.148830e-06	7	2.122760e-03	1.592680e-04	7	2.015470e-03	1.989120e-04	6	false	GAMG	1.110620e-03	4.260120e-06	4	true
477           	smoothSolver	9.668700e-05	9.113590e-06	7	2.112470e-03	1.599070e-04	7	2.011200e-03	2.007420e-04	6	false	GAMG	1.106610e-03	4.170530e-06	4	true
478           	smoothSolver	9.627860e-05	9.083920e-06	7	2.112740e-03	1.611010e-04	7	2.008140e-03	1.504010e-04	7	false	GAMG	1.104400e-03	4.227550e-06	4	true
479           	smoothSolver	9.622760e-05	9.116370e-06	7	2.117170e-03	1.636550e-04	7	2.001940e-03	1.510850e-04	7	false	GAMG	1.104230e-03	4.187860e-06	4	true
480           	smoothSolver	9.656040e-05	9.186230e-06	7	2.130650e-03	1.659310e-04	7	2.006840e-03	1.517400e-04	7	false	GAMG	1.102440e-03	4.234540e-06	4	true
481           	smoothSolver	9.619830e-05	9.221570e-06	7	2.133430e-03	1.676510e-04	7	2.003200e-03	1.520940e-04	7	false	GAMG	1.102480e-03	4.297250e-06	4	true
482           	smoothSolver	9.631750e-05	9.298110e-06	7	2.144530e-03	1.691900e-04	7	1.999200e-03	1.518620e-04	7	false	GAMG	1.098790e-03	4.366110e-06	4	true
483           	smoothSolver	9.629510e-05	9.396110e-06	7	2.141130e-03	1.699520e-04	7	1.988910e-03	1.512570e-04	7	false	GAMG	1.098890e-03	4.382910e-06	4	true
484           	smoothSolver	9.621590e-05	9.465860e-06	7	2.133800e-03	1.689160e-04	7	1.970240e-03	1.493120e-04	7	false	GAMG	1.096720e-03	4.356100e-06	4	true
485           	smoothSolver	9.576790e-05	9.485870e-06	7	2.110890e-03	1.667420e-04	7	1.946170e-03	1.464400e-04	7	false	GAMG	1.095220e-03	4.364640e-06	4	true
486           	smoothSolver	9.607820e-05	9.465500e-06	7	2.090970e-03	1.641460e-04	7	1.924230e-03	1.437900e-04	7	false	GAMG	1.092070e-03	4.320330e-06	4	true
487           	smoothSolver	9.555640e-05	9.418370e-06	7	2.061210e-03	1.607670e-04	7	1.891990e-03	1.403920e-04	7	false	GAMG	1.089240e-03	4.381000e-06	4	true
488           	smoothSolver	9.572330e-05	9.334070e-06	7	2.043110e-03	1.574820e-04	7	1.874140e-03	1.861590e-04	6	false	GAMG	1.080980e-03	4.189320e-06	4	true
489           	smoothSolver	9.466540e-05	9.214110e-06	7	1.997830e-03	1.532190e-04	7	1.848960e-03	1.834290e-04	6	false	GAMG	1.077910e-03	4.288510e-06	4	true
490           	smoothSolver	9.424060e-05	9.086820e-06	7	1.977400e-03	1.496830e-04	7	1.834220e-03	1.815180e-04	6	false	GAMG	1.075580e-03	4.269680e-06	4	true
491           	smoothSolver	9.337600e-05	8.952270e-06	7	1.960430e-03	1.469870e-04	7	1.821030e-03	1.789270e-04	6	false	GAMG	1.078410e-03	4.395770e-06	4	true
492           	smoothSolver	9.338700e-05	8.823140e-06	7	1.959120e-03	1.953740e-04	6	1.820900e-03	1.778950e-04	6	false	GAMG	1.074960e-03	4.342840e-06	4	true
493           	smoothSolver	9.244520e-05	8.660100e-06	7	1.943670e-03	1.931980e-04	6	1.813710e-03	1.749620e-04	6	false	GAMG	1.077260e-03	4.430260e-06	4	true
494           	smoothSolver	9.199190e-05	8.497700e-06	7	1.955900e-03	1.919500e-04	6	1.815170e-03	1.737670e-04	6	false	GAMG	1.075770e-03	4.407830e-06	4	true
495           	smoothSolver	9.123850e-05	8.340820e-06	7	1.956890e-03	1.911210e-04	6	1.812210e-03	1.717340e-04	6	false	GAMG	1.080100e-03	4.480190e-06	4	true
496           	smoothSolver	9.094640e-05	8.181700e-06	7	1.968100e-03	1.902780e-04	6	1.816900e-03	1.701760e-04	6	false	GAMG	1.077250e-03	4.463750e-06	4	true
497           	smoothSolver	8.948600e-05	7.992070e-06	7	1.960640e-03	1.882090e-04	6	1.803950e-03	1.678290e-04	6	false	GAMG	1.076350e-03	4.455940e-06	4	true
498           	smoothSolver	8.901950e-05	7.872670e-06	7	1.962640e-03	1.868900e-04	6	1.795090e-03	1.656310e-04	6	false	GAMG	1.066350e-03	4.428110e-06	4	true
499           	smoothSolver	8.737920e-05	7.739960e-06	7	1.937820e-03	1.848990e-04	6	1.772010e-03	1.631340e-04	6	false	GAMG	1.061830e-03	4.394740e-06	4	true
500           	smoothSolver	8.669820e-05	7.659060e-06	7	1.929170e-03	1.832160e-04	6	1.753660e-03	1.602730e-04	6	false	GAMG	1.048970e-03	4.339550e-06	4	true
