# Force and moment coefficients
# dragDir     : (1.000000e+00 0.000000e+00 0.000000e+00)
# sideDir     : (0.000000e+00 1.000000e+00 0.000000e+00)
# liftDir     : (0.000000e+00 0.000000e+00 1.000000e+00)
# rollAxis    : (1.000000e+00 0.000000e+00 0.000000e+00)
# pitchAxis   : (0.000000e+00 1.000000e+00 0.000000e+00)
# yawAxis     : (0.000000e+00 0.000000e+00 1.000000e+00)
# magUInf     : 2.000000e+01
# lRef        : 1.420000e+00
# Aref        : 7.500000e-01
# CofR        : (7.200000e-01 0.000000e+00 0.000000e+00)
#
# Time        	Cd            	Cd(f)         	Cd(r)         	Cl            	Cl(f)         	Cl(r)         	CmPitch       	CmRoll        	CmYaw         	Cs            	Cs(f)         	Cs(r)         
1             	1.341296e+00	6.744774e-01	6.668185e-01	-4.704464e-02	5.486213e-01	-5.956660e-01	5.721437e-01	3.829448e-03	-2.438079e-03	-2.219846e-02	-1.353731e-02	-8.661149e-03
2             	1.521106e+00	7.682090e-01	7.528969e-01	-5.875515e-02	6.212747e-01	-6.800299e-01	6.506523e-01	7.656046e-03	-3.524027e-03	-3.231634e-02	-1.968220e-02	-1.263414e-02
3             	1.325086e+00	6.701117e-01	6.549744e-01	-4.198527e-02	5.466230e-01	-5.886083e-01	5.676156e-01	7.568613e-03	-1.321267e-03	-3.047088e-02	-1.655671e-02	-1.391417e-02
4             	1.077526e+00	5.438730e-01	5.336529e-01	-2.885151e-02	4.448756e-01	-4.737271e-01	4.593013e-01	5.110069e-03	1.695998e-03	-2.290665e-02	-9.757326e-03	-1.314932e-02
5             	8.768970e-01	4.401854e-01	4.367116e-01	-1.880506e-02	3.610065e-01	-3.798115e-01	3.704090e-01	1.736899e-03	4.718739e-03	-1.431111e-02	-2.436817e-03	-1.187430e-02
6             	7.275316e-01	3.642130e-01	3.633186e-01	-5.055564e-03	3.021718e-01	-3.072274e-01	3.046996e-01	4.471868e-04	4.982265e-03	-1.136598e-02	-7.007252e-04	-1.066526e-02
7             	6.218878e-01	3.116198e-01	3.102681e-01	6.455776e-03	2.614367e-01	-2.549810e-01	2.582088e-01	6.758484e-04	3.172898e-03	-1.188510e-02	-2.769651e-03	-9.115448e-03
8             	5.523855e-01	2.783000e-01	2.740854e-01	1.294618e-02	2.339942e-01	-2.210480e-01	2.275211e-01	2.107286e-03	3.409891e-05	-1.536398e-02	-7.647891e-03	-7.716089e-03
9             	5.076610e-01	2.584456e-01	2.492153e-01	1.633242e-02	2.155296e-01	-1.991972e-01	2.073634e-01	4.615139e-03	-3.561676e-03	-2.105928e-02	-1.409132e-02	-6.967962e-03
10            	4.789776e-01	2.462811e-01	2.326965e-01	1.822080e-02	2.030870e-01	-1.848662e-01	1.939766e-01	6.792282e-03	-6.464374e-03	-2.558161e-02	-1.925518e-02	-6.326432e-03
11            	4.602981e-01	2.385156e-01	2.217825e-01	2.029350e-02	1.951742e-01	-1.748807e-01	1.850274e-01	8.366542e-03	-8.182279e-03	-2.827826e-02	-2.232141e-02	-5.956849e-03
12            	4.483077e-01	2.324119e-01	2.158958e-01	2.432826e-02	1.917701e-01	-1.674418e-01	1.796059e-01	8.258037e-03	-8.462773e-03	-2.723888e-02	-2.208221e-02	-5.156666e-03
13            	4.415104e-01	2.280955e-01	2.134148e-01	2.972556e-02	1.917883e-01	-1.620628e-01	1.769255e-01	7.340356e-03	-8.279062e-03	-2.457648e-02	-2.056730e-02	-4.009178e-03
14            	4.383706e-01	2.255132e-01	2.128574e-01	3.562745e-02	1.943134e-01	-1.586859e-01	1.764997e-01	6.327856e-03	-8.170638e-03	-2.182969e-02	-1.908548e-02	-2.744207e-03
15            	4.361263e-01	2.237872e-01	2.123391e-01	4.216089e-02	1.981502e-01	-1.559893e-01	1.770698e-01	5.724026e-03	-8.241632e-03	-2.028947e-02	-1.838637e-02	-1.903105e-03
16            	4.336918e-01	2.223060e-01	2.113858e-01	4.829387e-02	2.016879e-01	-1.533940e-01	1.775409e-01	5.460111e-03	-9.050544e-03	-2.010587e-02	-1.910348e-02	-1.002393e-03
17            	4.316821e-01	2.211924e-01	2.104897e-01	5.297969e-02	2.043039e-01	-1.513242e-01	1.778141e-01	5.351381e-03	-1.012037e-02	-2.059319e-02	-2.041697e-02	-1.762273e-04
18            	4.303668e-01	2.202061e-01	2.101608e-01	5.530038e-02	2.058119e-01	-1.505115e-01	1.781617e-01	5.022665e-03	-1.045523e-02	-2.040877e-02	-2.065962e-02	2.508459e-04
19            	4.292828e-01	2.191994e-01	2.100834e-01	5.561061e-02	2.061134e-01	-1.505028e-01	1.783081e-01	4.558040e-03	-9.690001e-03	-1.957380e-02	-1.947690e-02	-9.690053e-05
20            	4.285529e-01	2.180624e-01	2.104905e-01	5.470041e-02	2.057009e-01	-1.510004e-01	1.783507e-01	3.785943e-03	-8.036866e-03	-1.725309e-02	-1.666341e-02	-5.896782e-04
21            	4.280093e-01	2.170505e-01	2.109588e-01	5.329076e-02	2.048882e-01	-1.515974e-01	1.782428e-01	3.045883e-03	-5.896452e-03	-1.404244e-02	-1.291767e-02	-1.124769e-03
22            	4.273020e-01	2.160162e-01	2.112858e-01	5.260522e-02	2.037649e-01	-1.511597e-01	1.774623e-01	2.365225e-03	-3.638335e-03	-1.043296e-02	-8.854816e-03	-1.578147e-03
23            	4.259768e-01	2.146324e-01	2.113444e-01	5.281689e-02	2.022538e-01	-1.494369e-01	1.758453e-01	1.643980e-03	-1.697345e-03	-7.095501e-03	-5.245095e-03	-1.850406e-03
24            	4.243813e-01	2.132770e-01	2.111043e-01	5.379646e-02	2.006195e-01	-1.468231e-01	1.737213e-01	1.086336e-03	-2.840996e-04	-4.612665e-03	-2.590432e-03	-2.022233e-03
25            	4.228096e-01	2.120784e-01	2.107313e-01	5.531087e-02	1.990004e-01	-1.436895e-01	1.713450e-01	6.735474e-04	5.748201e-04	-2.956707e-03	-9.035333e-04	-2.053173e-03
26            	4.217579e-01	2.112564e-01	2.105014e-01	5.734569e-02	1.978805e-01	-1.405348e-01	1.692076e-01	3.774969e-04	8.691082e-04	-2.162992e-03	-2.123879e-04	-1.950604e-03
27            	4.212133e-01	2.106785e-01	2.105348e-01	5.952965e-02	1.971921e-01	-1.376625e-01	1.674273e-01	7.183307e-05	6.257834e-04	-2.009464e-03	-3.789487e-04	-1.630516e-03
28            	4.206635e-01	2.099690e-01	2.106945e-01	6.162785e-02	1.967599e-01	-1.351321e-01	1.659460e-01	-3.627871e-04	1.214919e-04	-1.903279e-03	-8.301478e-04	-1.073132e-03
29            	4.197543e-01	2.088967e-01	2.108576e-01	6.326764e-02	1.964165e-01	-1.331488e-01	1.647826e-01	-9.804640e-04	-3.694187e-04	-1.322647e-03	-1.030742e-03	-2.919047e-04
30            	4.185323e-01	2.073598e-01	2.111725e-01	6.449713e-02	1.962139e-01	-1.317168e-01	1.639654e-01	-1.906318e-03	-5.878378e-04	1.805956e-04	-4.975400e-04	6.781356e-04
31            	4.171892e-01	2.055831e-01	2.116061e-01	6.519290e-02	1.959610e-01	-1.307681e-01	1.633646e-01	-3.011520e-03	-5.173291e-04	2.366618e-03	6.659800e-04	1.700638e-03
32            	4.158651e-01	2.039199e-01	2.119452e-01	6.554514e-02	1.957367e-01	-1.301916e-01	1.629641e-01	-4.012647e-03	-3.528160e-04	4.588490e-03	1.941429e-03	2.647061e-03
33            	4.148315e-01	2.026053e-01	2.122261e-01	6.550551e-02	1.955321e-01	-1.300266e-01	1.627793e-01	-4.810388e-03	-1.932289e-04	6.371485e-03	2.992513e-03	3.378971e-03
34            	4.141363e-01	2.016128e-01	2.125236e-01	6.550556e-02	1.954342e-01	-1.299286e-01	1.626814e-01	-5.455408e-03	-1.124213e-04	7.632638e-03	3.703898e-03	3.928740e-03
35            	4.133784e-01	2.007220e-01	2.126564e-01	6.563656e-02	1.952463e-01	-1.296098e-01	1.624280e-01	-5.967167e-03	-6.965174e-05	8.423166e-03	4.141931e-03	4.281235e-03
36            	4.123769e-01	1.998005e-01	2.125764e-01	6.589201e-02	1.948614e-01	-1.289694e-01	1.619154e-01	-6.387983e-03	3.026352e-05	9.056150e-03	4.558339e-03	4.497812e-03
37            	4.109242e-01	1.987099e-01	2.122143e-01	6.594409e-02	1.941127e-01	-1.281686e-01	1.611406e-01	-6.752216e-03	2.971617e-04	9.738860e-03	5.166592e-03	4.572269e-03
38            	4.092794e-01	1.974533e-01	2.118260e-01	6.570823e-02	1.931757e-01	-1.274674e-01	1.603216e-01	-7.186350e-03	7.258259e-04	1.068429e-02	6.067973e-03	4.616321e-03
39            	4.075682e-01	1.961615e-01	2.114066e-01	6.523531e-02	1.922215e-01	-1.269862e-01	1.596039e-01	-7.622546e-03	1.179538e-03	1.168457e-02	7.021824e-03	4.662747e-03
40            	4.061727e-01	1.951553e-01	2.110174e-01	6.497654e-02	1.916415e-01	-1.266650e-01	1.591533e-01	-7.931093e-03	1.517806e-03	1.245308e-02	7.744344e-03	4.708732e-03
41            	4.050812e-01	1.945088e-01	2.105724e-01	6.507703e-02	1.913599e-01	-1.262829e-01	1.588214e-01	-8.031809e-03	1.733784e-03	1.284531e-02	8.156441e-03	4.688872e-03
42            	4.044675e-01	1.942870e-01	2.101805e-01	6.570544e-02	1.914867e-01	-1.257812e-01	1.586340e-01	-7.946768e-03	1.870191e-03	1.289468e-02	8.317533e-03	4.577151e-03
43            	4.041084e-01	1.943447e-01	2.097637e-01	6.655154e-02	1.917429e-01	-1.251914e-01	1.584672e-01	-7.709513e-03	1.993294e-03	1.263310e-02	8.309844e-03	4.323257e-03
44            	4.040809e-01	1.946805e-01	2.094003e-01	6.751310e-02	1.920948e-01	-1.245817e-01	1.583382e-01	-7.359892e-03	2.184010e-03	1.209489e-02	8.231455e-03	3.863434e-03
45            	4.042720e-01	1.952228e-01	2.090492e-01	6.832012e-02	1.923571e-01	-1.240370e-01	1.581971e-01	-6.913208e-03	2.442222e-03	1.123205e-02	8.058245e-03	3.173801e-03
46            	4.047052e-01	1.959362e-01	2.087690e-01	6.899061e-02	1.925394e-01	-1.235488e-01	1.580441e-01	-6.416426e-03	2.811387e-03	1.013969e-02	7.881233e-03	2.258460e-03
47            	4.052482e-01	1.967845e-01	2.084637e-01	6.952685e-02	1.926863e-01	-1.231594e-01	1.579229e-01	-5.839623e-03	3.283485e-03	8.767257e-03	7.667113e-03	1.100144e-03
48            	4.057893e-01	1.976471e-01	2.081423e-01	7.001240e-02	1.927190e-01	-1.227066e-01	1.577128e-01	-5.247601e-03	3.867953e-03	7.306104e-03	7.521005e-03	-2.149009e-04
49            	4.061592e-01	1.983823e-01	2.077769e-01	7.048722e-02	1.926769e-01	-1.221897e-01	1.574333e-01	-4.697251e-03	4.517143e-03	5.898639e-03	7.466463e-03	-1.567824e-03
50            	4.065329e-01	1.990349e-01	2.074980e-01	7.104706e-02	1.926721e-01	-1.216250e-01	1.571486e-01	-4.231549e-03	5.163453e-03	4.637173e-03	7.482039e-03	-2.844866e-03
51            	4.069552e-01	1.997369e-01	2.072183e-01	7.163643e-02	1.927648e-01	-1.211283e-01	1.569465e-01	-3.740713e-03	5.765726e-03	3.293507e-03	7.412479e-03	-4.118972e-03
52            	4.075950e-01	2.005197e-01	2.070754e-01	7.216340e-02	1.929227e-01	-1.207593e-01	1.568410e-01	-3.277841e-03	6.272819e-03	2.007682e-03	7.276660e-03	-5.268978e-03
53            	4.083663e-01	2.013839e-01	2.069824e-01	7.256591e-02	1.931186e-01	-1.205527e-01	1.568356e-01	-2.799275e-03	6.711622e-03	6.405179e-04	7.031881e-03	-6.391363e-03
54            	4.092250e-01	2.021799e-01	2.070451e-01	7.285435e-02	1.933398e-01	-1.204854e-01	1.569126e-01	-2.432629e-03	7.026730e-03	-4.621701e-04	6.795645e-03	-7.257815e-03
55            	4.100804e-01	2.029030e-01	2.071774e-01	7.299567e-02	1.935763e-01	-1.205807e-01	1.570785e-01	-2.137215e-03	7.305525e-03	-1.409186e-03	6.600932e-03	-8.010119e-03
56            	4.108424e-01	2.034217e-01	2.074207e-01	7.287859e-02	1.936845e-01	-1.208059e-01	1.572452e-01	-1.999470e-03	7.497775e-03	-1.953574e-03	6.520988e-03	-8.474562e-03
57            	4.115781e-01	2.038180e-01	2.077601e-01	7.260909e-02	1.937934e-01	-1.211843e-01	1.574888e-01	-1.971087e-03	7.684160e-03	-2.266199e-03	6.551060e-03	-8.817259e-03
58            	4.122440e-01	2.040279e-01	2.082161e-01	7.204401e-02	1.937023e-01	-1.216583e-01	1.576803e-01	-2.094090e-03	7.833238e-03	-2.247330e-03	6.709573e-03	-8.956903e-03
59            	4.128958e-01	2.041413e-01	2.087546e-01	7.142428e-02	1.935769e-01	-1.221526e-01	1.578647e-01	-2.306659e-03	7.979021e-03	-2.082234e-03	6.937904e-03	-9.020138e-03
60            	4.134910e-01	2.041507e-01	2.093402e-01	7.071952e-02	1.933517e-01	-1.226322e-01	1.579919e-01	-2.594741e-03	8.101004e-03	-1.755334e-03	7.223337e-03	-8.978671e-03
61            	4.140284e-01	2.040901e-01	2.099383e-01	7.010677e-02	1.931869e-01	-1.230801e-01	1.581335e-01	-2.924122e-03	8.220456e-03	-1.335679e-03	7.552616e-03	-8.888295e-03
62            	4.143974e-01	2.039193e-01	2.104780e-01	6.943194e-02	1.929204e-01	-1.234884e-01	1.582044e-01	-3.279332e-03	8.291975e-03	-8.242328e-04	7.879859e-03	-8.704092e-03
63            	4.146644e-01	2.037146e-01	2.109499e-01	6.887498e-02	1.927602e-01	-1.238852e-01	1.583227e-01	-3.617647e-03	8.334802e-03	-3.513623e-04	8.159121e-03	-8.510483e-03
64            	4.148242e-01	2.034429e-01	2.113813e-01	6.829209e-02	1.925549e-01	-1.242628e-01	1.584089e-01	-3.969170e-03	8.332595e-03	1.405697e-04	8.402880e-03	-8.262310e-03
65            	4.149049e-01	2.031568e-01	2.117482e-01	6.787649e-02	1.924615e-01	-1.245850e-01	1.585232e-01	-4.295711e-03	8.335908e-03	5.340387e-04	8.602927e-03	-8.068889e-03
66            	4.149088e-01	2.028476e-01	2.120611e-01	6.749930e-02	1.923168e-01	-1.248175e-01	1.585671e-01	-4.606735e-03	8.311792e-03	8.908442e-04	8.757214e-03	-7.866369e-03
67            	4.149103e-01	2.025550e-01	2.123553e-01	6.734360e-02	1.923194e-01	-1.249758e-01	1.586476e-01	-4.900194e-03	8.305102e-03	1.216597e-03	8.913401e-03	-7.696804e-03
68            	4.148458e-01	2.022340e-01	2.126118e-01	6.717575e-02	1.922168e-01	-1.250411e-01	1.586289e-01	-5.188925e-03	8.328623e-03	1.587099e-03	9.122172e-03	-7.535073e-03
69            	4.147405e-01	2.019292e-01	2.128113e-01	6.713138e-02	1.921479e-01	-1.250165e-01	1.585822e-01	-5.441049e-03	8.471776e-03	1.919478e-03	9.431515e-03	-7.512038e-03
70            	4.145735e-01	2.015839e-01	2.129896e-01	6.703522e-02	1.919400e-01	-1.249048e-01	1.584224e-01	-5.702878e-03	8.680977e-03	2.323293e-03	9.842624e-03	-7.519331e-03
71            	4.144210e-01	2.012307e-01	2.131904e-01	6.708746e-02	1.918009e-01	-1.247135e-01	1.582572e-01	-5.979844e-03	9.032844e-03	2.776733e-03	1.042121e-02	-7.644478e-03
72            	4.141981e-01	2.008005e-01	2.133976e-01	6.710271e-02	1.915012e-01	-1.243985e-01	1.579499e-01	-6.298580e-03	9.479363e-03	3.337221e-03	1.114797e-02	-7.810753e-03
73            	4.140046e-01	2.003443e-01	2.136603e-01	6.723993e-02	1.912520e-01	-1.240121e-01	1.576321e-01	-6.658011e-03	9.988585e-03	3.971309e-03	1.197424e-02	-8.002930e-03
74            	4.138110e-01	1.998811e-01	2.139300e-01	6.732059e-02	1.909226e-01	-1.236020e-01	1.572623e-01	-7.024465e-03	1.050492e-02	4.597669e-03	1.280376e-02	-8.206089e-03
75            	4.137201e-01	1.995287e-01	2.141914e-01	6.744904e-02	1.906659e-01	-1.232168e-01	1.569414e-01	-7.331342e-03	1.096588e-02	5.051317e-03	1.349154e-02	-8.440221e-03
76            	4.136789e-01	1.992406e-01	2.144383e-01	6.752405e-02	1.903755e-01	-1.228515e-01	1.566135e-01	-7.598835e-03	1.127343e-02	5.363743e-03	1.395530e-02	-8.591555e-03
77            	4.137860e-01	1.991608e-01	2.146252e-01	6.775609e-02	1.902846e-01	-1.225285e-01	1.564066e-01	-7.732225e-03	1.140345e-02	5.340552e-03	1.407373e-02	-8.733179e-03
78            	4.139820e-01	1.992405e-01	2.147414e-01	6.798021e-02	1.902068e-01	-1.222266e-01	1.562167e-01	-7.750443e-03	1.130078e-02	5.061846e-03	1.383171e-02	-8.769861e-03
79            	4.143334e-01	1.994945e-01	2.148388e-01	6.834611e-02	1.903443e-01	-1.219982e-01	1.561713e-01	-7.672161e-03	1.104060e-02	4.570764e-03	1.332598e-02	-8.755217e-03
80            	4.147363e-01	1.997741e-01	2.149621e-01	6.860393e-02	1.904745e-01	-1.218706e-01	1.561726e-01	-7.594017e-03	1.065946e-02	4.143088e-03	1.273100e-02	-8.587916e-03
81            	4.152260e-01	2.000343e-01	2.151917e-01	6.878811e-02	1.906984e-01	-1.219103e-01	1.563044e-01	-7.578725e-03	1.030953e-02	3.892581e-03	1.225582e-02	-8.363242e-03
82            	4.156802e-01	2.001143e-01	2.155658e-01	6.873221e-02	1.908128e-01	-1.220806e-01	1.564467e-01	-7.725742e-03	1.002759e-02	4.076769e-03	1.206598e-02	-7.989207e-03
83            	4.161414e-01	2.000406e-01	2.161008e-01	6.857795e-02	1.909892e-01	-1.224112e-01	1.567002e-01	-8.030082e-03	9.916580e-03	4.654880e-03	1.224402e-02	-7.589140e-03
84            	4.165421e-01	1.997673e-01	2.167748e-01	6.811448e-02	1.909716e-01	-1.228571e-01	1.569143e-01	-8.503749e-03	9.959337e-03	5.655334e-03	1.278700e-02	-7.131670e-03
85            	4.168185e-01	1.993349e-01	2.174836e-01	6.761775e-02	1.909142e-01	-1.232965e-01	1.571054e-01	-9.074370e-03	1.012948e-02	6.874545e-03	1.356675e-02	-6.692205e-03
86            	4.170138e-01	1.988205e-01	2.181933e-01	6.702905e-02	1.907600e-01	-1.237310e-01	1.572455e-01	-9.686404e-03	1.033978e-02	8.193869e-03	1.443671e-02	-6.242843e-03
87            	4.170756e-01	1.982891e-01	2.187865e-01	6.651737e-02	1.905773e-01	-1.240599e-01	1.573186e-01	-1.024868e-02	1.057719e-02	9.364770e-03	1.525958e-02	-5.894806e-03
88            	4.170769e-01	1.977751e-01	2.193018e-01	6.601345e-02	1.903225e-01	-1.243090e-01	1.573157e-01	-1.076337e-02	1.075585e-02	1.041310e-02	1.596240e-02	-5.549304e-03
89            	4.170572e-01	1.973615e-01	2.196957e-01	6.572920e-02	1.901900e-01	-1.244608e-01	1.573254e-01	-1.116708e-02	1.089721e-02	1.118323e-02	1.648882e-02	-5.305595e-03
90            	4.169902e-01	1.970493e-01	2.199410e-01	6.554859e-02	1.900346e-01	-1.244860e-01	1.572603e-01	-1.144587e-02	1.095030e-02	1.170923e-02	1.680492e-02	-5.095683e-03
91            	4.169883e-01	1.969226e-01	2.200657e-01	6.561139e-02	1.900455e-01	-1.244342e-01	1.572399e-01	-1.157153e-02	1.095533e-02	1.188578e-02	1.689822e-02	-5.012440e-03
92            	4.170515e-01	1.969537e-01	2.200977e-01	6.580216e-02	1.901210e-01	-1.243189e-01	1.572200e-01	-1.157200e-02	1.088205e-02	1.181888e-02	1.679150e-02	-4.972613e-03
93            	4.171613e-01	1.971141e-01	2.200473e-01	6.613076e-02	1.903020e-01	-1.241713e-01	1.572366e-01	-1.146660e-02	1.078138e-02	1.151057e-02	1.653667e-02	-5.026102e-03
94            	4.172418e-01	1.972533e-01	2.199884e-01	6.640088e-02	1.904093e-01	-1.240084e-01	1.572089e-01	-1.136756e-02	1.065261e-02	1.123529e-02	1.627025e-02	-5.034962e-03
95            	4.173502e-01	1.973688e-01	2.199814e-01	6.670343e-02	1.906216e-01	-1.239181e-01	1.572699e-01	-1.130630e-02	1.058265e-02	1.103687e-02	1.610109e-02	-5.064214e-03
96            	4.174102e-01	1.973413e-01	2.200689e-01	6.675633e-02	1.906520e-01	-1.238957e-01	1.572738e-01	-1.136382e-02	1.058932e-02	1.111704e-02	1.614784e-02	-5.030796e-03
97            	4.173961e-01	1.971489e-01	2.202472e-01	6.671823e-02	1.906353e-01	-1.239171e-01	1.572762e-01	-1.154911e-02	1.070266e-02	1.149133e-02	1.644832e-02	-4.956993e-03
98            	4.173298e-01	1.968157e-01	2.205141e-01	6.649771e-02	1.904839e-01	-1.239862e-01	1.572351e-01	-1.184917e-02	1.090186e-02	1.217338e-02	1.698855e-02	-4.815174e-03
99            	4.172115e-01	1.964201e-01	2.207914e-01	6.623018e-02	1.902971e-01	-1.240669e-01	1.571820e-01	-1.218570e-02	1.118708e-02	1.294878e-02	1.766148e-02	-4.712693e-03
100           	4.170635e-01	1.960004e-01	2.210631e-01	6.585224e-02	1.900052e-01	-1.241530e-01	1.570791e-01	-1.253135e-02	1.146847e-02	1.376112e-02	1.834903e-02	-4.587906e-03
101           	4.169343e-01	1.956899e-01	2.212444e-01	6.556491e-02	1.897874e-01	-1.242225e-01	1.570049e-01	-1.277726e-02	1.175521e-02	1.432469e-02	1.891756e-02	-4.592866e-03
102           	4.168399e-01	1.954893e-01	2.213506e-01	6.527585e-02	1.895291e-01	-1.242533e-01	1.568912e-01	-1.293067e-02	1.195540e-02	1.469596e-02	1.930338e-02	-4.607415e-03
103           	4.168518e-01	1.954898e-01	2.213620e-01	6.522138e-02	1.894436e-01	-1.242222e-01	1.568329e-01	-1.293612e-02	1.206236e-02	1.471705e-02	1.942089e-02	-4.703840e-03
104           	4.168694e-01	1.956277e-01	2.212417e-01	6.524189e-02	1.893533e-01	-1.241114e-01	1.567323e-01	-1.280699e-02	1.204878e-02	1.445321e-02	1.927539e-02	-4.822174e-03
105           	4.169346e-01	1.959149e-01	2.210197e-01	6.540096e-02	1.893822e-01	-1.239812e-01	1.566817e-01	-1.255243e-02	1.195859e-02	1.391065e-02	1.891392e-02	-5.003264e-03
106           	4.169654e-01	1.962441e-01	2.207213e-01	6.557470e-02	1.894101e-01	-1.238354e-01	1.566227e-01	-1.223860e-02	1.182610e-02	1.323955e-02	1.844587e-02	-5.206318e-03
107           	4.170833e-01	1.966651e-01	2.204181e-01	6.585895e-02	1.896004e-01	-1.237415e-01	1.566709e-01	-1.187651e-02	1.175919e-02	1.241319e-02	1.796578e-02	-5.552590e-03
108           	4.172269e-01	1.970102e-01	2.202167e-01	6.608909e-02	1.897987e-01	-1.237096e-01	1.567541e-01	-1.160322e-02	1.177970e-02	1.176646e-02	1.766293e-02	-5.896470e-03
109           	4.174799e-01	1.972690e-01	2.202108e-01	6.631511e-02	1.901003e-01	-1.237852e-01	1.569428e-01	-1.147089e-02	1.193687e-02	1.140186e-02	1.763780e-02	-6.235944e-03
110           	4.176824e-01	1.973072e-01	2.203752e-01	6.640381e-02	1.902981e-01	-1.238942e-01	1.570961e-01	-1.153401e-02	1.220601e-02	1.148598e-02	1.794900e-02	-6.463023e-03
111           	4.178230e-01	1.971840e-01	2.206390e-01	6.647442e-02	1.904887e-01	-1.240142e-01	1.572515e-01	-1.172748e-02	1.259190e-02	1.181446e-02	1.849913e-02	-6.684663e-03
112           	4.178058e-01	1.968552e-01	2.209506e-01	6.635097e-02	1.904644e-01	-1.241134e-01	1.572889e-01	-1.204770e-02	1.299762e-02	1.245440e-02	1.922482e-02	-6.770420e-03
113           	4.177723e-01	1.964749e-01	2.212974e-01	6.623460e-02	1.904540e-01	-1.242194e-01	1.573367e-01	-1.241125e-02	1.338847e-02	1.318116e-02	1.997905e-02	-6.797888e-03
114           	4.177210e-01	1.960996e-01	2.216214e-01	6.600603e-02	1.903316e-01	-1.243256e-01	1.573286e-01	-1.276091e-02	1.367654e-02	1.391039e-02	2.063174e-02	-6.721343e-03
115           	4.177492e-01	1.958760e-01	2.218732e-01	6.592525e-02	1.903428e-01	-1.244175e-01	1.573801e-01	-1.299861e-02	1.385890e-02	1.439827e-02	2.105803e-02	-6.659766e-03
116           	4.178496e-01	1.957782e-01	2.220714e-01	6.579740e-02	1.903275e-01	-1.245301e-01	1.574288e-01	-1.314664e-02	1.390034e-02	1.471640e-02	2.125854e-02	-6.542137e-03
117           	4.180338e-01	1.958471e-01	2.221867e-01	6.580161e-02	1.904625e-01	-1.246609e-01	1.575617e-01	-1.316983e-02	1.385326e-02	1.477222e-02	2.123937e-02	-6.467155e-03
118           	4.182348e-01	1.959414e-01	2.222934e-01	6.569524e-02	1.905371e-01	-1.248419e-01	1.576895e-01	-1.317603e-02	1.373657e-02	1.480818e-02	2.114066e-02	-6.332480e-03
119           	4.184323e-01	1.960245e-01	2.224079e-01	6.567470e-02	1.907106e-01	-1.250359e-01	1.578733e-01	-1.319170e-02	1.361804e-02	1.487125e-02	2.105367e-02	-6.182419e-03
120           	4.186066e-01	1.960342e-01	2.225724e-01	6.549469e-02	1.907887e-01	-1.252940e-01	1.580413e-01	-1.326914e-02	1.352943e-02	1.507793e-02	2.106840e-02	-5.990466e-03
121           	4.187367e-01	1.959525e-01	2.227842e-01	6.535489e-02	1.909058e-01	-1.255509e-01	1.582284e-01	-1.341586e-02	1.351560e-02	1.542877e-02	2.122998e-02	-5.801209e-03
122           	4.187815e-01	1.957201e-01	2.230614e-01	6.502817e-02	1.908616e-01	-1.258335e-01	1.583475e-01	-1.367064e-02	1.356903e-02	1.602104e-02	2.157955e-02	-5.558506e-03
123           	4.187196e-01	1.953941e-01	2.233255e-01	6.474924e-02	1.908025e-01	-1.260533e-01	1.584279e-01	-1.396570e-02	1.372330e-02	1.668809e-02	2.206734e-02	-5.379248e-03
124           	4.185375e-01	1.949459e-01	2.235915e-01	6.433746e-02	1.905517e-01	-1.262143e-01	1.583830e-01	-1.432279e-02	1.389320e-02	1.750434e-02	2.264537e-02	-5.141034e-03
125           	4.182848e-01	1.945210e-01	2.237638e-01	6.407583e-02	1.903354e-01	-1.262596e-01	1.582975e-01	-1.462143e-02	1.409424e-02	1.817283e-02	2.318065e-02	-5.007826e-03
126           	4.180130e-01	1.941460e-01	2.238671e-01	6.374195e-02	1.899974e-01	-1.262554e-01	1.581264e-01	-1.486054e-02	1.423270e-02	1.870407e-02	2.358473e-02	-4.880666e-03
127           	4.177384e-01	1.939120e-01	2.238265e-01	6.359927e-02	1.897368e-01	-1.261376e-01	1.579372e-01	-1.495723e-02	1.430767e-02	1.889772e-02	2.375653e-02	-4.858807e-03
128           	4.174974e-01	1.938015e-01	2.236959e-01	6.347199e-02	1.894316e-01	-1.259596e-01	1.576956e-01	-1.494717e-02	1.424532e-02	1.885901e-02	2.367482e-02	-4.815817e-03
129           	4.173387e-01	1.939059e-01	2.234328e-01	6.358890e-02	1.893043e-01	-1.257154e-01	1.575098e-01	-1.476343e-02	1.409025e-02	1.842734e-02	2.330392e-02	-4.876580e-03
130           	4.172063e-01	1.941133e-01	2.230930e-01	6.372233e-02	1.891709e-01	-1.254485e-01	1.573097e-01	-1.448986e-02	1.383535e-02	1.781423e-02	2.274247e-02	-4.928240e-03
131           	4.172341e-01	1.944483e-01	2.227858e-01	6.399334e-02	1.892412e-01	-1.252479e-01	1.572446e-01	-1.416872e-02	1.352672e-02	1.709651e-02	2.207498e-02	-4.978469e-03
132           	4.172803e-01	1.947730e-01	2.225073e-01	6.423622e-02	1.893242e-01	-1.250880e-01	1.572061e-01	-1.386713e-02	1.320287e-02	1.643520e-02	2.142047e-02	-4.985269e-03
133           	4.173827e-01	1.950647e-01	2.223180e-01	6.448339e-02	1.894723e-01	-1.249889e-01	1.572306e-01	-1.362664e-02	1.290468e-02	1.591648e-02	2.086292e-02	-4.946446e-03
134           	4.174603e-01	1.952293e-01	2.222310e-01	6.470247e-02	1.896532e-01	-1.249508e-01	1.573020e-01	-1.350085e-02	1.267844e-02	1.565984e-02	2.050836e-02	-4.848516e-03
135           	4.175639e-01	1.952911e-01	2.222728e-01	6.488204e-02	1.898667e-01	-1.249847e-01	1.574257e-01	-1.349084e-02	1.255649e-02	1.565477e-02	2.038388e-02	-4.729105e-03
136           	4.175713e-01	1.951827e-01	2.223886e-01	6.489685e-02	1.899329e-01	-1.250361e-01	1.574845e-01	-1.360299e-02	1.251978e-02	1.596635e-02	2.050296e-02	-4.536606e-03
137           	4.175673e-01	1.949837e-01	2.225837e-01	6.488703e-02	1.900152e-01	-1.251282e-01	1.575717e-01	-1.380000e-02	1.256523e-02	1.647480e-02	2.080263e-02	-4.327833e-03
138           	4.174114e-01	1.946757e-01	2.227358e-01	6.475057e-02	1.899356e-01	-1.251851e-01	1.575603e-01	-1.403006e-02	1.265748e-02	1.709408e-02	2.120453e-02	-4.110443e-03
139           	4.172223e-01	1.943487e-01	2.228736e-01	6.463334e-02	1.898569e-01	-1.252236e-01	1.575402e-01	-1.426242e-02	1.275437e-02	1.771913e-02	2.161393e-02	-3.894807e-03
140           	4.169332e-01	1.939986e-01	2.229347e-01	6.447902e-02	1.896693e-01	-1.251903e-01	1.574298e-01	-1.446805e-02	1.281201e-02	1.831251e-02	2.196827e-02	-3.655758e-03
141           	4.166564e-01	1.937025e-01	2.229540e-01	6.439896e-02	1.895173e-01	-1.251183e-01	1.573178e-01	-1.462574e-02	1.282886e-02	1.876409e-02	2.221090e-02	-3.446810e-03
142           	4.163654e-01	1.934564e-01	2.229090e-01	6.431396e-02	1.893087e-01	-1.249948e-01	1.571517e-01	-1.472627e-02	1.278720e-02	1.908370e-02	2.232905e-02	-3.245351e-03
143           	4.161877e-01	1.933086e-01	2.228792e-01	6.434282e-02	1.892234e-01	-1.248806e-01	1.570520e-01	-1.478529e-02	1.270428e-02	1.925618e-02	2.233237e-02	-3.076194e-03
144           	4.160206e-01	1.932176e-01	2.228030e-01	6.435873e-02	1.890980e-01	-1.247393e-01	1.569186e-01	-1.479269e-02	1.259389e-02	1.928974e-02	2.223876e-02	-2.949018e-03
145           	4.159136e-01	1.932041e-01	2.227096e-01	6.446358e-02	1.890570e-01	-1.245934e-01	1.568252e-01	-1.475274e-02	1.247259e-02	1.916869e-02	2.205694e-02	-2.888248e-03
146           	4.158239e-01	1.932183e-01	2.226056e-01	6.457237e-02	1.890084e-01	-1.244361e-01	1.567223e-01	-1.469367e-02	1.236329e-02	1.898737e-02	2.185698e-02	-2.869606e-03
147           	4.157514e-01	1.932668e-01	2.224846e-01	6.473448e-02	1.890018e-01	-1.242673e-01	1.566346e-01	-1.460892e-02	1.230432e-02	1.871846e-02	2.166355e-02	-2.945089e-03
148           	4.156604e-01	1.932902e-01	2.223702e-01	6.486844e-02	1.889402e-01	-1.240717e-01	1.565060e-01	-1.454003e-02	1.230442e-02	1.848309e-02	2.154597e-02	-3.062879e-03
149           	4.155420e-01	1.932927e-01	2.222493e-01	6.504458e-02	1.889096e-01	-1.238650e-01	1.563873e-01	-1.447829e-02	1.238173e-02	1.826050e-02	2.151198e-02	-3.251483e-03
150           	4.154213e-01	1.932759e-01	2.221454e-01	6.518126e-02	1.888218e-01	-1.236406e-01	1.562312e-01	-1.443478e-02	1.252471e-02	1.807964e-02	2.156453e-02	-3.484886e-03
151           	4.152503e-01	1.932265e-01	2.220238e-01	6.531083e-02	1.887085e-01	-1.233976e-01	1.560530e-01	-1.439864e-02	1.269484e-02	1.792178e-02	2.165573e-02	-3.733947e-03
152           	4.151056e-01	1.931843e-01	2.219212e-01	6.543427e-02	1.885572e-01	-1.231229e-01	1.558401e-01	-1.436845e-02	1.285669e-02	1.779559e-02	2.175449e-02	-3.958893e-03
153           	4.149773e-01	1.931742e-01	2.218031e-01	6.558952e-02	1.884374e-01	-1.228479e-01	1.556426e-01	-1.431448e-02	1.296987e-02	1.761114e-02	2.177544e-02	-4.164298e-03
154           	4.148722e-01	1.932070e-01	2.216653e-01	6.577416e-02	1.882953e-01	-1.225212e-01	1.554082e-01	-1.422916e-02	1.299736e-02	1.737668e-02	2.168570e-02	-4.309014e-03
155           	4.148231e-01	1.933142e-01	2.215089e-01	6.599357e-02	1.882084e-01	-1.222149e-01	1.552116e-01	-1.409736e-02	1.293180e-02	1.705742e-02	2.146052e-02	-4.403093e-03
156           	4.148266e-01	1.934951e-01	2.213315e-01	6.628145e-02	1.881745e-01	-1.218931e-01	1.550338e-01	-1.391821e-02	1.280041e-02	1.666567e-02	2.113325e-02	-4.467578e-03
157           	4.148640e-01	1.937291e-01	2.211349e-01	6.656271e-02	1.881889e-01	-1.216262e-01	1.549075e-01	-1.370293e-02	1.262130e-02	1.621626e-02	2.072943e-02	-4.513170e-03
158           	4.149228e-01	1.939316e-01	2.209913e-01	6.684998e-02	1.882195e-01	-1.213695e-01	1.547945e-01	-1.352986e-02	1.240967e-02	1.588858e-02	2.035396e-02	-4.465380e-03
159           	4.149529e-01	1.940823e-01	2.208707e-01	6.709859e-02	1.882838e-01	-1.211852e-01	1.547345e-01	-1.339420e-02	1.222719e-02	1.564204e-02	2.004820e-02	-4.406167e-03
160           	4.149980e-01	1.941294e-01	2.208686e-01	6.731946e-02	1.883492e-01	-1.210298e-01	1.546895e-01	-1.336959e-02	1.206100e-02	1.566826e-02	1.989512e-02	-4.226866e-03
161           	4.149721e-01	1.940463e-01	2.209259e-01	6.743987e-02	1.883761e-01	-1.209362e-01	1.546562e-01	-1.343980e-02	1.195484e-02	1.590917e-02	1.990942e-02	-4.000254e-03
162           	4.149225e-01	1.938552e-01	2.210673e-01	6.752889e-02	1.883739e-01	-1.208451e-01	1.546095e-01	-1.360606e-02	1.189570e-02	1.637172e-02	2.008155e-02	-3.709837e-03
163           	4.148756e-01	1.936296e-01	2.212461e-01	6.751870e-02	1.883393e-01	-1.208206e-01	1.545799e-01	-1.380824e-02	1.189710e-02	1.689377e-02	2.034399e-02	-3.450218e-03
164           	4.148317e-01	1.933573e-01	2.214744e-01	6.750270e-02	1.882675e-01	-1.207648e-01	1.545162e-01	-1.405855e-02	1.189285e-02	1.752327e-02	2.065448e-02	-3.131211e-03
165           	4.147578e-01	1.930902e-01	2.216676e-01	6.745634e-02	1.881732e-01	-1.207169e-01	1.544450e-01	-1.428872e-02	1.191034e-02	1.806494e-02	2.094281e-02	-2.877866e-03
166           	4.147303e-01	1.928586e-01	2.218717e-01	6.746302e-02	1.880957e-01	-1.206327e-01	1.543642e-01	-1.450652e-02	1.186016e-02	1.857543e-02	2.114787e-02	-2.572448e-03
167           	4.146659e-01	1.926479e-01	2.220180e-01	6.743202e-02	1.879836e-01	-1.205516e-01	1.542676e-01	-1.468506e-02	1.174867e-02	1.898228e-02	2.123981e-02	-2.257534e-03
168           	4.146019e-01	1.924681e-01	2.221338e-01	6.748151e-02	1.878708e-01	-1.203892e-01	1.541300e-01	-1.483282e-02	1.153721e-02	1.932777e-02	2.120109e-02	-1.873319e-03
169           	4.145150e-01	1.923268e-01	2.221882e-01	6.759146e-02	1.877989e-01	-1.202074e-01	1.540031e-01	-1.493068e-02	1.124170e-02	1.957766e-02	2.103053e-02	-1.452866e-03
170           	4.144949e-01	1.922296e-01	2.222654e-01	6.771340e-02	1.877369e-01	-1.200235e-01	1.538802e-01	-1.501789e-02	1.086901e-02	1.981345e-02	2.077574e-02	-9.622916e-04
171           	4.144512e-01	1.921392e-01	2.223120e-01	6.783679e-02	1.876897e-01	-1.198529e-01	1.537713e-01	-1.508638e-02	1.045453e-02	2.002249e-02	2.046578e-02	-4.432890e-04
172           	4.144500e-01	1.920428e-01	2.224073e-01	6.794535e-02	1.876539e-01	-1.197085e-01	1.536812e-01	-1.518223e-02	1.001749e-02	2.031801e-02	2.017650e-02	1.415138e-04
173           	4.144607e-01	1.918961e-01	2.225646e-01	6.800172e-02	1.876348e-01	-1.196331e-01	1.536339e-01	-1.533425e-02	9.574204e-03	2.077314e-02	1.996077e-02	8.123653e-04
174           	4.144933e-01	1.916975e-01	2.227958e-01	6.797753e-02	1.875909e-01	-1.196133e-01	1.536021e-01	-1.554914e-02	9.173907e-03	2.138526e-02	1.986654e-02	1.518725e-03
175           	4.144735e-01	1.914158e-01	2.230577e-01	6.788211e-02	1.875331e-01	-1.196510e-01	1.535920e-01	-1.582094e-02	8.801895e-03	2.215197e-02	1.987788e-02	2.274091e-03
176           	4.144256e-01	1.910887e-01	2.233369e-01	6.773010e-02	1.874464e-01	-1.197163e-01	1.535813e-01	-1.612406e-02	8.466752e-03	2.301482e-02	1.997416e-02	3.040658e-03
177           	4.142940e-01	1.907225e-01	2.235716e-01	6.751325e-02	1.873189e-01	-1.198057e-01	1.535623e-01	-1.642455e-02	8.162537e-03	2.387131e-02	2.009819e-02	3.773118e-03
178           	4.140748e-01	1.903561e-01	2.237188e-01	6.728109e-02	1.871244e-01	-1.198433e-01	1.534838e-01	-1.668134e-02	7.869660e-03	2.463167e-02	2.018550e-02	4.446176e-03
179           	4.138078e-01	1.900450e-01	2.237629e-01	6.707620e-02	1.869482e-01	-1.198720e-01	1.534101e-01	-1.685896e-02	7.590949e-03	2.518413e-02	2.018301e-02	5.001116e-03
180           	4.135299e-01	1.898102e-01	2.237197e-01	6.690959e-02	1.867463e-01	-1.198367e-01	1.532915e-01	-1.695472e-02	7.322655e-03	2.552941e-02	2.008736e-02	5.442051e-03
181           	4.132286e-01	1.896325e-01	2.235960e-01	6.681998e-02	1.865821e-01	-1.197621e-01	1.531721e-01	-1.698174e-02	7.065754e-03	2.569763e-02	1.991457e-02	5.783059e-03
182           	4.129446e-01	1.895343e-01	2.234103e-01	6.685693e-02	1.864722e-01	-1.196153e-01	1.530438e-01	-1.693797e-02	6.838092e-03	2.568779e-02	1.968199e-02	6.005802e-03
183           	4.126741e-01	1.894682e-01	2.232059e-01	6.692786e-02	1.864072e-01	-1.194793e-01	1.529433e-01	-1.686885e-02	6.655814e-03	2.558354e-02	1.944758e-02	6.135955e-03
184           	4.124850e-01	1.894434e-01	2.230416e-01	6.708958e-02	1.864122e-01	-1.193226e-01	1.528674e-01	-1.679914e-02	6.524434e-03	2.543029e-02	1.923958e-02	6.190711e-03
185           	4.122937e-01	1.893952e-01	2.228985e-01	6.724846e-02	1.864320e-01	-1.191835e-01	1.528078e-01	-1.675164e-02	6.430394e-03	2.528635e-02	1.907357e-02	6.212783e-03
186           	4.122299e-01	1.893836e-01	2.228463e-01	6.746156e-02	1.865242e-01	-1.190627e-01	1.527935e-01	-1.673132e-02	6.401880e-03	2.515524e-02	1.897950e-02	6.175739e-03
187           	4.121579e-01	1.893405e-01	2.228174e-01	6.756388e-02	1.865633e-01	-1.189994e-01	1.527814e-01	-1.673844e-02	6.405786e-03	2.505586e-02	1.893371e-02	6.122142e-03
188           	4.121774e-01	1.893432e-01	2.228342e-01	6.767883e-02	1.866453e-01	-1.189664e-01	1.528058e-01	-1.674551e-02	6.461646e-03	2.493407e-02	1.892868e-02	6.005387e-03
189           	4.121504e-01	1.893361e-01	2.228143e-01	6.766042e-02	1.866540e-01	-1.189935e-01	1.528237e-01	-1.673912e-02	6.553483e-03	2.475812e-02	1.893255e-02	5.825580e-03
190           	4.121852e-01	1.894067e-01	2.227786e-01	6.762871e-02	1.866558e-01	-1.190271e-01	1.528414e-01	-1.668593e-02	6.683045e-03	2.446625e-02	1.891617e-02	5.550079e-03
191           	4.121404e-01	1.894772e-01	2.226633e-01	6.746509e-02	1.865447e-01	-1.190797e-01	1.528122e-01	-1.659305e-02	6.833058e-03	2.406766e-02	1.886689e-02	5.200774e-03
192           	4.121673e-01	1.896587e-01	2.225085e-01	6.736536e-02	1.864786e-01	-1.191132e-01	1.527959e-01	-1.642489e-02	7.000542e-03	2.350944e-02	1.875526e-02	4.754178e-03
193           	4.121821e-01	1.898833e-01	2.222988e-01	6.718603e-02	1.863447e-01	-1.191586e-01	1.527516e-01	-1.620778e-02	7.154677e-03	2.284551e-02	1.857743e-02	4.268077e-03
194           	4.122660e-01	1.902057e-01	2.220603e-01	6.705151e-02	1.862006e-01	-1.191490e-01	1.526748e-01	-1.592727e-02	7.299539e-03	2.208918e-02	1.834413e-02	3.745052e-03
195           	4.123336e-01	1.905550e-01	2.217786e-01	6.703371e-02	1.861796e-01	-1.191459e-01	1.526627e-01	-1.561176e-02	7.446906e-03	2.124104e-02	1.806743e-02	3.173616e-03
196           	4.125346e-01	1.909842e-01	2.215504e-01	6.709130e-02	1.862275e-01	-1.191362e-01	1.526818e-01	-1.528310e-02	7.592782e-03	2.039732e-02	1.779144e-02	2.605879e-03
197           	4.126760e-01	1.913656e-01	2.213105e-01	6.708065e-02	1.862279e-01	-1.191472e-01	1.526875e-01	-1.497245e-02	7.729910e-03	1.961556e-02	1.753769e-02	2.077871e-03
198           	4.128959e-01	1.917606e-01	2.211353e-01	6.719361e-02	1.863545e-01	-1.191609e-01	1.527577e-01	-1.468734e-02	7.889707e-03	1.890575e-02	1.734258e-02	1.563169e-03
199           	4.130961e-01	1.920916e-01	2.210045e-01	6.723444e-02	1.864648e-01	-1.192303e-01	1.528475e-01	-1.445645e-02	8.046065e-03	1.832918e-02	1.721066e-02	1.118527e-03
200           	4.133673e-01	1.924118e-01	2.209555e-01	6.733540e-02	1.866547e-01	-1.193193e-01	1.529870e-01	-1.427181e-02	8.231569e-03	1.787648e-02	1.716981e-02	7.066702e-04
201           	4.135886e-01	1.926255e-01	2.209631e-01	6.731001e-02	1.867829e-01	-1.194729e-01	1.531279e-01	-1.416879e-02	8.394676e-03	1.763437e-02	1.721186e-02	4.225090e-04
202           	4.138783e-01	1.928379e-01	2.210404e-01	6.729768e-02	1.869549e-01	-1.196573e-01	1.533061e-01	-1.410127e-02	8.590669e-03	1.749008e-02	1.733571e-02	1.543727e-04
203           	4.140731e-01	1.929629e-01	2.211102e-01	6.715256e-02	1.870287e-01	-1.198762e-01	1.534524e-01	-1.407363e-02	8.759025e-03	1.746408e-02	1.749107e-02	-2.698440e-05
204           	4.142494e-01	1.930792e-01	2.211701e-01	6.705409e-02	1.871160e-01	-1.200619e-01	1.535889e-01	-1.404543e-02	8.942179e-03	1.746910e-02	1.767673e-02	-2.076281e-04
205           	4.143295e-01	1.931434e-01	2.211861e-01	6.686947e-02	1.871239e-01	-1.202544e-01	1.536891e-01	-1.402135e-02	9.106472e-03	1.748290e-02	1.784792e-02	-3.650227e-04
206           	4.144119e-01	1.932096e-01	2.212023e-01	6.670996e-02	1.871190e-01	-1.204091e-01	1.537640e-01	-1.399633e-02	9.252917e-03	1.752483e-02	1.801533e-02	-4.905037e-04
207           	4.144075e-01	1.932152e-01	2.211922e-01	6.648177e-02	1.870377e-01	-1.205560e-01	1.537968e-01	-1.398849e-02	9.373830e-03	1.756385e-02	1.815576e-02	-5.919050e-04
208           	4.143861e-01	1.932147e-01	2.211713e-01	6.635436e-02	1.869947e-01	-1.206404e-01	1.538176e-01	-1.397828e-02	9.474426e-03	1.760304e-02	1.827595e-02	-6.729037e-04
209           	4.142996e-01	1.931512e-01	2.211484e-01	6.620199e-02	1.869059e-01	-1.207039e-01	1.538049e-01	-1.399857e-02	9.551533e-03	1.766713e-02	1.838510e-02	-7.179688e-04
210           	4.141749e-01	1.930553e-01	2.211197e-01	6.613156e-02	1.868328e-01	-1.207012e-01	1.537670e-01	-1.403220e-02	9.626848e-03	1.775471e-02	1.850420e-02	-7.494931e-04
211           	4.140571e-01	1.928977e-01	2.211594e-01	6.605509e-02	1.867736e-01	-1.207185e-01	1.537460e-01	-1.413087e-02	9.679055e-03	1.794705e-02	1.865258e-02	-7.055297e-04
212           	4.139248e-01	1.927182e-01	2.212066e-01	6.603299e-02	1.867119e-01	-1.206789e-01	1.536954e-01	-1.424417e-02	9.762711e-03	1.815581e-02	1.884061e-02	-6.848077e-04
213           	4.138164e-01	1.924982e-01	2.213182e-01	6.600413e-02	1.866574e-01	-1.206532e-01	1.536553e-01	-1.441004e-02	9.834324e-03	1.844789e-02	1.905827e-02	-6.103819e-04
214           	4.137576e-01	1.922878e-01	2.214698e-01	6.605519e-02	1.866421e-01	-1.205869e-01	1.536145e-01	-1.459102e-02	9.931242e-03	1.876445e-02	1.931347e-02	-5.490184e-04
215           	4.137117e-01	1.920511e-01	2.216606e-01	6.611759e-02	1.866339e-01	-1.205163e-01	1.535751e-01	-1.480471e-02	1.003044e-02	1.912744e-02	1.959416e-02	-4.667227e-04
216           	4.137357e-01	1.918523e-01	2.218834e-01	6.620462e-02	1.866352e-01	-1.204306e-01	1.535329e-01	-1.501559e-02	1.014103e-02	1.947584e-02	1.987895e-02	-4.031111e-04
217           	4.137371e-01	1.916465e-01	2.220906e-01	6.631443e-02	1.866406e-01	-1.203262e-01	1.534834e-01	-1.522202e-02	1.024128e-02	1.978510e-02	2.013383e-02	-3.487347e-04
218           	4.137511e-01	1.914652e-01	2.222859e-01	6.638758e-02	1.865948e-01	-1.202072e-01	1.534010e-01	-1.541033e-02	1.033701e-02	2.005673e-02	2.036538e-02	-3.086441e-04
219           	4.137750e-01	1.913199e-01	2.224551e-01	6.648581e-02	1.865794e-01	-1.200936e-01	1.533365e-01	-1.556759e-02	1.041616e-02	2.023513e-02	2.053373e-02	-2.985982e-04
220           	4.137829e-01	1.912126e-01	2.225702e-01	6.652695e-02	1.864970e-01	-1.199701e-01	1.532335e-01	-1.567881e-02	1.047882e-02	2.033713e-02	2.064738e-02	-3.102500e-04
221           	4.138411e-01	1.911879e-01	2.226532e-01	6.664706e-02	1.865245e-01	-1.198775e-01	1.532010e-01	-1.573267e-02	1.053432e-02	2.030422e-02	2.068643e-02	-3.822129e-04
222           	4.138760e-01	1.912186e-01	2.226574e-01	6.671062e-02	1.864868e-01	-1.197762e-01	1.531315e-01	-1.571943e-02	1.058675e-02	2.015405e-02	2.066378e-02	-5.097271e-04
223           	4.139034e-01	1.913065e-01	2.225970e-01	6.681708e-02	1.865023e-01	-1.196852e-01	1.530938e-01	-1.564524e-02	1.066215e-02	1.985982e-02	2.059206e-02	-7.322415e-04
224           	4.138812e-01	1.914128e-01	2.224684e-01	6.687094e-02	1.864525e-01	-1.195816e-01	1.530170e-01	-1.552782e-02	1.075078e-02	1.949457e-02	2.049806e-02	-1.003490e-03
225           	4.138858e-01	1.915471e-01	2.223387e-01	6.697823e-02	1.864835e-01	-1.195053e-01	1.529944e-01	-1.539578e-02	1.085179e-02	1.909194e-02	2.039777e-02	-1.305822e-03
226           	4.138472e-01	1.916524e-01	2.221948e-01	6.699982e-02	1.864271e-01	-1.194273e-01	1.529272e-01	-1.527121e-02	1.095826e-02	1.874161e-02	2.032906e-02	-1.587456e-03
227           	4.138262e-01	1.917351e-01	2.220911e-01	6.703488e-02	1.864273e-01	-1.193924e-01	1.529099e-01	-1.517804e-02	1.106583e-02	1.845977e-02	2.029571e-02	-1.835941e-03
228           	4.138225e-01	1.918145e-01	2.220080e-01	6.699197e-02	1.863769e-01	-1.193849e-01	1.528809e-01	-1.509675e-02	1.117500e-02	1.824813e-02	2.029906e-02	-2.050931e-03
229           	4.138465e-01	1.918779e-01	2.219686e-01	6.692236e-02	1.863514e-01	-1.194291e-01	1.528903e-01	-1.504531e-02	1.127029e-02	1.811375e-02	2.032716e-02	-2.213413e-03
230           	4.138524e-01	1.919308e-01	2.219216e-01	6.679646e-02	1.862694e-01	-1.194730e-01	1.528712e-01	-1.499543e-02	1.137151e-02	1.801443e-02	2.037872e-02	-2.364295e-03
231           	4.139051e-01	1.920017e-01	2.219033e-01	6.670988e-02	1.862756e-01	-1.195658e-01	1.529207e-01	-1.495078e-02	1.145135e-02	1.792293e-02	2.041282e-02	-2.489887e-03
232           	4.139846e-01	1.920892e-01	2.218954e-01	6.654977e-02	1.862213e-01	-1.196715e-01	1.529464e-01	-1.490313e-02	1.152801e-02	1.782574e-02	2.044088e-02	-2.615140e-03
233           	4.140303e-01	1.921817e-01	2.218486e-01	6.645054e-02	1.862171e-01	-1.197666e-01	1.529919e-01	-1.483347e-02	1.161117e-02	1.764783e-02	2.043508e-02	-2.787250e-03
234           	4.141035e-01	1.922879e-01	2.218156e-01	6.630778e-02	1.861873e-01	-1.198795e-01	1.530334e-01	-1.476388e-02	1.169127e-02	1.747731e-02	2.042992e-02	-2.952610e-03
235           	4.142059e-01	1.924350e-01	2.217709e-01	6.622383e-02	1.862258e-01	-1.200020e-01	1.531139e-01	-1.466794e-02	1.178736e-02	1.722180e-02	2.039826e-02	-3.176463e-03
236           	4.143530e-01	1.925918e-01	2.217612e-01	6.609605e-02	1.862299e-01	-1.201339e-01	1.531819e-01	-1.458472e-02	1.187649e-02	1.700960e-02	2.038129e-02	-3.371694e-03
237           	4.144337e-01	1.927439e-01	2.216898e-01	6.608215e-02	1.862787e-01	-1.201965e-01	1.532376e-01	-1.447294e-02	1.201951e-02	1.666653e-02	2.035278e-02	-3.686247e-03
238           	4.145806e-01	1.928881e-01	2.216925e-01	6.602667e-02	1.863269e-01	-1.203002e-01	1.533135e-01	-1.440223e-02	1.214011e-02	1.645477e-02	2.036750e-02	-3.912727e-03
239           	4.146428e-01	1.929830e-01	2.216598e-01	6.609649e-02	1.864134e-01	-1.203169e-01	1.533652e-01	-1.433843e-02	1.232911e-02	1.619185e-02	2.042504e-02	-4.233185e-03
240           	4.148177e-01	1.931231e-01	2.216946e-01	6.607433e-02	1.864638e-01	-1.203894e-01	1.534266e-01	-1.428574e-02	1.248904e-02	1.599213e-02	2.048511e-02	-4.492978e-03
241           	4.150215e-01	1.933137e-01	2.217078e-01	6.612443e-02	1.865887e-01	-1.204642e-01	1.535265e-01	-1.419708e-02	1.266114e-02	1.572172e-02	2.052200e-02	-4.800284e-03
242           	4.152708e-01	1.935491e-01	2.217217e-01	6.608729e-02	1.866488e-01	-1.205615e-01	1.536052e-01	-1.408633e-02	1.282585e-02	1.542419e-02	2.053794e-02	-5.113752e-03
243           	4.155052e-01	1.938326e-01	2.216727e-01	6.611549e-02	1.867476e-01	-1.206321e-01	1.536899e-01	-1.392004e-02	1.298280e-02	1.503526e-02	2.050043e-02	-5.465170e-03
244           	4.157508e-01	1.941445e-01	2.216062e-01	6.614526e-02	1.868322e-01	-1.206870e-01	1.537596e-01	-1.373084e-02	1.312381e-02	1.462270e-02	2.043516e-02	-5.812460e-03
245           	4.160019e-01	1.945021e-01	2.214998e-01	6.622495e-02	1.869667e-01	-1.207417e-01	1.538542e-01	-1.349883e-02	1.322334e-02	1.416147e-02	2.030407e-02	-6.142599e-03
246           	4.162399e-01	1.948515e-01	2.213884e-01	6.631902e-02	1.870826e-01	-1.207636e-01	1.539231e-01	-1.326849e-02	1.328719e-02	1.373463e-02	2.015450e-02	-6.419873e-03
247           	4.164399e-01	1.952002e-01	2.212397e-01	6.645429e-02	1.872329e-01	-1.207786e-01	1.540057e-01	-1.301974e-02	1.329475e-02	1.333290e-02	1.996121e-02	-6.628303e-03
248           	4.166263e-01	1.955224e-01	2.211039e-01	6.660014e-02	1.873724e-01	-1.207723e-01	1.540724e-01	-1.279074e-02	1.327296e-02	1.301181e-02	1.977887e-02	-6.767060e-03
249           	4.167743e-01	1.958578e-01	2.209165e-01	6.671699e-02	1.875100e-01	-1.207930e-01	1.541515e-01	-1.252933e-02	1.322586e-02	1.267093e-02	1.956132e-02	-6.890390e-03
250           	4.169381e-01	1.961539e-01	2.207843e-01	6.680198e-02	1.876283e-01	-1.208263e-01	1.542273e-01	-1.231520e-02	1.315191e-02	1.244685e-02	1.937534e-02	-6.928491e-03
251           	4.170570e-01	1.964404e-01	2.206166e-01	6.690537e-02	1.877773e-01	-1.208719e-01	1.543246e-01	-1.208807e-02	1.308001e-02	1.220900e-02	1.918451e-02	-6.975509e-03
252           	4.171936e-01	1.966774e-01	2.205163e-01	6.697787e-02	1.879017e-01	-1.209239e-01	1.544128e-01	-1.191945e-02	1.300388e-02	1.210417e-02	1.905597e-02	-6.951799e-03
253           	4.172476e-01	1.968517e-01	2.203959e-01	6.706774e-02	1.880379e-01	-1.209701e-01	1.545040e-01	-1.177213e-02	1.294049e-02	1.204183e-02	1.896140e-02	-6.919570e-03
254           	4.172801e-01	1.969193e-01	2.203608e-01	6.718004e-02	1.881723e-01	-1.209922e-01	1.545822e-01	-1.172076e-02	1.286641e-02	1.217596e-02	1.895439e-02	-6.778427e-03
255           	4.172544e-01	1.969196e-01	2.203348e-01	6.731572e-02	1.883302e-01	-1.210145e-01	1.546723e-01	-1.170757e-02	1.280013e-02	1.236622e-02	1.898324e-02	-6.617023e-03
256           	4.172227e-01	1.968190e-01	2.204037e-01	6.742473e-02	1.884553e-01	-1.210306e-01	1.547429e-01	-1.179233e-02	1.270673e-02	1.274941e-02	1.908143e-02	-6.332025e-03
257           	4.171560e-01	1.966716e-01	2.204844e-01	6.756270e-02	1.886267e-01	-1.210640e-01	1.548453e-01	-1.190640e-02	1.262742e-02	1.315651e-02	1.920567e-02	-6.049167e-03
258           	4.171309e-01	1.964686e-01	2.206623e-01	6.765207e-02	1.887909e-01	-1.211389e-01	1.549649e-01	-1.209687e-02	1.254422e-02	1.369192e-02	1.939018e-02	-5.698263e-03
259           	4.170789e-01	1.962422e-01	2.208366e-01	6.771907e-02	1.889635e-01	-1.212444e-01	1.551039e-01	-1.229721e-02	1.248340e-02	1.419746e-02	1.958213e-02	-5.384668e-03
260           	4.170640e-01	1.959948e-01	2.210692e-01	6.767998e-02	1.890858e-01	-1.214058e-01	1.552458e-01	-1.253723e-02	1.244195e-02	1.472970e-02	1.980680e-02	-5.077096e-03
261           	4.170703e-01	1.957666e-01	2.213037e-01	6.763877e-02	1.892568e-01	-1.216180e-01	1.554374e-01	-1.276858e-02	1.243123e-02	1.519944e-02	2.003095e-02	-4.831504e-03
262           	4.171091e-01	1.954933e-01	2.216158e-01	6.747660e-02	1.893182e-01	-1.218416e-01	1.555799e-01	-1.306123e-02	1.244445e-02	1.574443e-02	2.031666e-02	-4.572231e-03
263           	4.170942e-01	1.952002e-01	2.218940e-01	6.730890e-02	1.893529e-01	-1.220440e-01	1.556985e-01	-1.334694e-02	1.250178e-02	1.624875e-02	2.062616e-02	-4.377409e-03
264           	4.171280e-01	1.948802e-01	2.222478e-01	6.712302e-02	1.893643e-01	-1.222413e-01	1.558028e-01	-1.368378e-02	1.258552e-02	1.681970e-02	2.099537e-02	-4.175672e-03
265           	4.171074e-01	1.945172e-01	2.225903e-01	6.692331e-02	1.893394e-01	-1.224161e-01	1.558777e-01	-1.403653e-02	1.270141e-02	1.739312e-02	2.139797e-02	-4.004854e-03
266           	4.170532e-01	1.940997e-01	2.229535e-01	6.673992e-02	1.892609e-01	-1.225210e-01	1.558909e-01	-1.442687e-02	1.282914e-02	1.801226e-02	2.183527e-02	-3.823009e-03
267           	4.169510e-01	1.936752e-01	2.232758e-01	6.662102e-02	1.892110e-01	-1.225900e-01	1.559005e-01	-1.480031e-02	1.298741e-02	1.857342e-02	2.227413e-02	-3.700701e-03
268           	4.168890e-01	1.932521e-01	2.236369e-01	6.649457e-02	1.891333e-01	-1.226387e-01	1.558860e-01	-1.519238e-02	1.312933e-02	1.914906e-02	2.270386e-02	-3.554800e-03
269           	4.168351e-01	1.928795e-01	2.239555e-01	6.641523e-02	1.890986e-01	-1.226833e-01	1.558910e-01	-1.553798e-02	1.327931e-02	1.962139e-02	2.309000e-02	-3.468612e-03
270           	4.167568e-01	1.924710e-01	2.242858e-01	6.634130e-02	1.889903e-01	-1.226490e-01	1.558196e-01	-1.590738e-02	1.337463e-02	2.014920e-02	2.344923e-02	-3.300028e-03
271           	4.165927e-01	1.920293e-01	2.245634e-01	6.633342e-02	1.888843e-01	-1.225508e-01	1.557175e-01	-1.626702e-02	1.342578e-02	2.070722e-02	2.377939e-02	-3.072168e-03
272           	4.163666e-01	1.916384e-01	2.247282e-01	6.630138e-02	1.886794e-01	-1.223780e-01	1.555287e-01	-1.654488e-02	1.346113e-02	2.117155e-02	2.404690e-02	-2.875354e-03
273           	4.160801e-01	1.914174e-01	2.246628e-01	6.630838e-02	1.884703e-01	-1.221619e-01	1.553161e-01	-1.662270e-02	1.354304e-02	2.129490e-02	2.419049e-02	-2.895594e-03
274           	4.159256e-01	1.914016e-01	2.245240e-01	6.628759e-02	1.882884e-01	-1.220008e-01	1.551446e-01	-1.656122e-02	1.364342e-02	2.114782e-02	2.421733e-02	-3.069511e-03
275           	4.158176e-01	1.914824e-01	2.243352e-01	6.625049e-02	1.881386e-01	-1.218881e-01	1.550133e-01	-1.642640e-02	1.374035e-02	2.088528e-02	2.418299e-02	-3.297711e-03
276           	4.156536e-01	1.914979e-01	2.241557e-01	6.611794e-02	1.878770e-01	-1.217591e-01	1.548181e-01	-1.632888e-02	1.380426e-02	2.070613e-02	2.415732e-02	-3.451190e-03
277           	4.153646e-01	1.914115e-01	2.239531e-01	6.600641e-02	1.876235e-01	-1.216171e-01	1.546203e-01	-1.627077e-02	1.384166e-02	2.062306e-02	2.415319e-02	-3.530129e-03
278           	4.149415e-01	1.911846e-01	2.237569e-01	6.583539e-02	1.872865e-01	-1.214511e-01	1.543688e-01	-1.628610e-02	1.387405e-02	2.070918e-02	2.422864e-02	-3.519460e-03
279           	4.145301e-01	1.908757e-01	2.236544e-01	6.568209e-02	1.870225e-01	-1.213404e-01	1.541814e-01	-1.638931e-02	1.391084e-02	2.099790e-02	2.440979e-02	-3.411893e-03
280           	4.141323e-01	1.904791e-01	2.236532e-01	6.542526e-02	1.866660e-01	-1.212407e-01	1.539534e-01	-1.658702e-02	1.398059e-02	2.149701e-02	2.472909e-02	-3.232084e-03
281           	4.138483e-01	1.900987e-01	2.237496e-01	6.541389e-02	1.865845e-01	-1.211707e-01	1.538776e-01	-1.682544e-02	1.411711e-02	2.204383e-02	2.513903e-02	-3.095200e-03
282           	4.137123e-01	1.897408e-01	2.239714e-01	6.533119e-02	1.864938e-01	-1.211627e-01	1.538282e-01	-1.711531e-02	1.427331e-02	2.270060e-02	2.562361e-02	-2.923014e-03
283           	4.137352e-01	1.895010e-01	2.242342e-01	6.538754e-02	1.865856e-01	-1.211980e-01	1.538918e-01	-1.736663e-02	1.446851e-02	2.325567e-02	2.609634e-02	-2.840676e-03
284           	4.138526e-01	1.893139e-01	2.245388e-01	6.537908e-02	1.866711e-01	-1.212920e-01	1.539815e-01	-1.761245e-02	1.464631e-02	2.383874e-02	2.656568e-02	-2.726936e-03
285           	4.140995e-01	1.892357e-01	2.248639e-01	6.544082e-02	1.868842e-01	-1.214434e-01	1.541638e-01	-1.781412e-02	1.480245e-02	2.433250e-02	2.696870e-02	-2.636203e-03
286           	4.142809e-01	1.891149e-01	2.251660e-01	6.541216e-02	1.869815e-01	-1.215693e-01	1.542754e-01	-1.802551e-02	1.487858e-02	2.491259e-02	2.733488e-02	-2.422287e-03
287           	4.145395e-01	1.890628e-01	2.254767e-01	6.548355e-02	1.872110e-01	-1.217274e-01	1.544692e-01	-1.820693e-02	1.486909e-02	2.544312e-02	2.759065e-02	-2.147533e-03
288           	4.147574e-01	1.889748e-01	2.257825e-01	6.543938e-02	1.873129e-01	-1.218735e-01	1.545932e-01	-1.840386e-02	1.471098e-02	2.607891e-02	2.775043e-02	-1.671525e-03
289           	4.149579e-01	1.889270e-01	2.260309e-01	6.549631e-02	1.874871e-01	-1.219908e-01	1.547390e-01	-1.855198e-02	1.445527e-02	2.662347e-02	2.776701e-02	-1.143536e-03
290           	4.150516e-01	1.888013e-01	2.262503e-01	6.546390e-02	1.875303e-01	-1.220664e-01	1.547984e-01	-1.872453e-02	1.407648e-02	2.725844e-02	2.770570e-02	-4.472601e-04
291           	4.151039e-01	1.886888e-01	2.264151e-01	6.555284e-02	1.876431e-01	-1.220903e-01	1.548667e-01	-1.886311e-02	1.362694e-02	2.779813e-02	2.752601e-02	2.721222e-04
292           	4.150684e-01	1.884984e-01	2.265699e-01	6.555538e-02	1.876200e-01	-1.220646e-01	1.548423e-01	-1.903573e-02	1.309428e-02	2.842302e-02	2.730579e-02	1.117236e-03
293           	4.150790e-01	1.883692e-01	2.267098e-01	6.572348e-02	1.877185e-01	-1.219951e-01	1.548568e-01	-1.917029e-02	1.252428e-02	2.893522e-02	2.699189e-02	1.943327e-03
294           	4.150600e-01	1.882164e-01	2.268436e-01	6.585572e-02	1.877435e-01	-1.218878e-01	1.548156e-01	-1.931363e-02	1.191956e-02	2.947966e-02	2.665939e-02	2.820273e-03
295           	4.150923e-01	1.881579e-01	2.269344e-01	6.612040e-02	1.878744e-01	-1.217540e-01	1.548142e-01	-1.938824e-02	1.128478e-02	2.989829e-02	2.623392e-02	3.664369e-03
296           	4.151165e-01	1.881304e-01	2.269861e-01	6.636313e-02	1.879709e-01	-1.216077e-01	1.547893e-01	-1.942784e-02	1.063449e-02	3.027691e-02	2.577295e-02	4.503966e-03
297           	4.151903e-01	1.882313e-01	2.269590e-01	6.679029e-02	1.882566e-01	-1.214663e-01	1.548614e-01	-1.936385e-02	1.000173e-02	3.045008e-02	2.522677e-02	5.223311e-03
298           	4.153071e-01	1.884066e-01	2.269005e-01	6.711569e-02	1.885197e-01	-1.214041e-01	1.549619e-01	-1.924695e-02	9.408353e-03	3.052012e-02	2.466842e-02	5.851709e-03
299           	4.154223e-01	1.886640e-01	2.267584e-01	6.751235e-02	1.888853e-01	-1.213729e-01	1.551291e-01	-1.904720e-02	8.862291e-03	3.039912e-02	2.406185e-02	6.337267e-03
300           	4.155385e-01	1.889428e-01	2.265957e-01	6.788093e-02	1.892678e-01	-1.213869e-01	1.553274e-01	-1.882647e-02	8.333224e-03	3.026202e-02	2.346423e-02	6.797785e-03
301           	4.156461e-01	1.892654e-01	2.263807e-01	6.836867e-02	1.897971e-01	-1.214284e-01	1.556128e-01	-1.855768e-02	7.872559e-03	2.998119e-02	2.286316e-02	7.118037e-03
302           	4.157673e-01	1.895416e-01	2.262257e-01	6.879239e-02	1.903144e-01	-1.215220e-01	1.559182e-01	-1.834207e-02	7.469827e-03	2.973602e-02	2.233784e-02	7.398184e-03
303           	4.158010e-01	1.897641e-01	2.260369e-01	6.924848e-02	1.908517e-01	-1.216033e-01	1.562275e-01	-1.813640e-02	7.175585e-03	2.938366e-02	2.186741e-02	7.516244e-03
304           	4.158371e-01	1.899244e-01	2.259127e-01	6.961186e-02	1.912952e-01	-1.216834e-01	1.564893e-01	-1.799411e-02	6.986799e-03	2.902351e-02	2.149855e-02	7.524954e-03
305           	4.158372e-01	1.900471e-01	2.257901e-01	6.983490e-02	1.916320e-01	-1.217971e-01	1.567145e-01	-1.787153e-02	6.908429e-03	2.859396e-02	2.120541e-02	7.388550e-03
306           	4.158411e-01	1.901161e-01	2.257250e-01	6.998192e-02	1.918965e-01	-1.219145e-01	1.569055e-01	-1.780443e-02	6.876875e-03	2.823549e-02	2.099462e-02	7.240873e-03
307           	4.158654e-01	1.901683e-01	2.256971e-01	7.007465e-02	1.921514e-01	-1.220767e-01	1.571141e-01	-1.776439e-02	6.860812e-03	2.799119e-02	2.085641e-02	7.134783e-03
308           	4.159208e-01	1.901684e-01	2.257524e-01	7.019430e-02	1.924405e-01	-1.222462e-01	1.573434e-01	-1.779202e-02	6.810589e-03	2.793730e-02	2.077924e-02	7.158062e-03
309           	4.158641e-01	1.900944e-01	2.257696e-01	7.044140e-02	1.928259e-01	-1.223845e-01	1.576052e-01	-1.783759e-02	6.711122e-03	2.802291e-02	2.072258e-02	7.300333e-03
310           	4.157431e-01	1.899406e-01	2.258025e-01	7.072609e-02	1.931936e-01	-1.224675e-01	1.578306e-01	-1.793092e-02	6.586715e-03	2.822717e-02	2.070030e-02	7.526869e-03
311           	4.156056e-01	1.897887e-01	2.258170e-01	7.093077e-02	1.934875e-01	-1.225568e-01	1.580222e-01	-1.801416e-02	6.503688e-03	2.832151e-02	2.066445e-02	7.657068e-03
312           	4.154842e-01	1.896551e-01	2.258291e-01	7.111663e-02	1.937222e-01	-1.226056e-01	1.581639e-01	-1.808698e-02	6.482151e-03	2.826634e-02	2.061532e-02	7.651020e-03
313           	4.153165e-01	1.895540e-01	2.257624e-01	7.120608e-02	1.938493e-01	-1.226432e-01	1.582463e-01	-1.810421e-02	6.503232e-03	2.804028e-02	2.052337e-02	7.516910e-03
314           	4.151993e-01	1.894662e-01	2.257331e-01	7.122308e-02	1.939069e-01	-1.226838e-01	1.582953e-01	-1.813345e-02	6.517553e-03	2.782040e-02	2.042776e-02	7.392650e-03
315           	4.150139e-01	1.893379e-01	2.256760e-01	7.116292e-02	1.938623e-01	-1.226994e-01	1.582809e-01	-1.816905e-02	6.524523e-03	2.763455e-02	2.034180e-02	7.292752e-03
316           	4.148223e-01	1.891874e-01	2.256349e-01	7.110057e-02	1.937700e-01	-1.226694e-01	1.582197e-01	-1.822374e-02	6.526396e-03	2.753848e-02	2.029563e-02	7.242841e-03
317           	4.146944e-01	1.890430e-01	2.256513e-01	7.102364e-02	1.937131e-01	-1.226895e-01	1.582013e-01	-1.830413e-02	6.517967e-03	2.754892e-02	2.029243e-02	7.256495e-03
318           	4.146179e-01	1.888744e-01	2.257436e-01	7.100014e-02	1.936849e-01	-1.226848e-01	1.581848e-01	-1.843460e-02	6.498233e-03	2.771324e-02	2.035485e-02	7.358389e-03
319           	4.145364e-01	1.886555e-01	2.258808e-01	7.101432e-02	1.936788e-01	-1.226645e-01	1.581716e-01	-1.861264e-02	6.449310e-03	2.801589e-02	2.045726e-02	7.558636e-03
320           	4.144545e-01	1.884118e-01	2.260427e-01	7.096997e-02	1.936153e-01	-1.226453e-01	1.581303e-01	-1.881546e-02	6.363867e-03	2.841717e-02	2.057245e-02	7.844718e-03
321           	4.140861e-01	1.879493e-01	2.261367e-01	7.078614e-02	1.932968e-01	-1.225107e-01	1.579037e-01	-1.909371e-02	6.263863e-03	2.904374e-02	2.078573e-02	8.258007e-03
322           	4.135964e-01	1.875477e-01	2.260487e-01	7.058078e-02	1.928593e-01	-1.222786e-01	1.575689e-01	-1.925047e-02	6.133303e-03	2.952355e-02	2.089508e-02	8.628470e-03
323           	4.130592e-01	1.872906e-01	2.257686e-01	7.050156e-02	1.925324e-01	-1.220308e-01	1.572816e-01	-1.923903e-02	6.020802e-03	2.968579e-02	2.086370e-02	8.822095e-03
324           	4.127606e-01	1.873278e-01	2.254328e-01	7.041188e-02	1.922919e-01	-1.218801e-01	1.570860e-01	-1.905247e-02	5.909746e-03	2.948783e-02	2.065366e-02	8.834167e-03
325           	4.125906e-01	1.875415e-01	2.250491e-01	7.042360e-02	1.921717e-01	-1.217481e-01	1.569599e-01	-1.875382e-02	5.815474e-03	2.902011e-02	2.032553e-02	8.694580e-03
326           	4.125505e-01	1.878739e-01	2.246766e-01	7.048273e-02	1.921151e-01	-1.216324e-01	1.568737e-01	-1.840137e-02	5.704309e-03	2.840284e-02	1.990573e-02	8.497113e-03
327           	4.123538e-01	1.881241e-01	2.242298e-01	7.061212e-02	1.920274e-01	-1.214153e-01	1.567214e-01	-1.805286e-02	5.586960e-03	2.776234e-02	1.946813e-02	8.294210e-03
328           	4.120178e-01	1.882267e-01	2.237910e-01	7.074355e-02	1.918668e-01	-1.211232e-01	1.564950e-01	-1.778215e-02	5.457751e-03	2.730137e-02	1.910844e-02	8.192936e-03
329           	4.115376e-01	1.881898e-01	2.233478e-01	7.087983e-02	1.916519e-01	-1.207721e-01	1.562120e-01	-1.757898e-02	5.325230e-03	2.700641e-02	1.882844e-02	8.177977e-03
330           	4.111045e-01	1.880989e-01	2.230056e-01	7.102851e-02	1.914584e-01	-1.204299e-01	1.559442e-01	-1.745332e-02	5.191485e-03	2.695167e-02	1.866732e-02	8.284351e-03
331           	4.106949e-01	1.880354e-01	2.226594e-01	7.120730e-02	1.912934e-01	-1.200861e-01	1.556898e-01	-1.731200e-02	5.091332e-03	2.688475e-02	1.853371e-02	8.351046e-03
332           	4.104890e-01	1.880596e-01	2.224294e-01	7.146818e-02	1.912567e-01	-1.197885e-01	1.555226e-01	-1.718487e-02	5.002926e-03	2.689600e-02	1.845093e-02	8.445076e-03
333           	4.103221e-01	1.880933e-01	2.222287e-01	7.171464e-02	1.912464e-01	-1.195317e-01	1.553890e-01	-1.706768e-02	4.931660e-03	2.691069e-02	1.838701e-02	8.523687e-03
334           	4.103264e-01	1.881620e-01	2.221644e-01	7.201977e-02	1.913454e-01	-1.193256e-01	1.553355e-01	-1.700120e-02	4.824804e-03	2.705820e-02	1.835390e-02	8.704297e-03
335           	4.103541e-01	1.882223e-01	2.221318e-01	7.228907e-02	1.914792e-01	-1.191901e-01	1.553346e-01	-1.695472e-02	4.695541e-03	2.719167e-02	1.829138e-02	8.900296e-03
336           	4.105813e-01	1.883188e-01	2.222625e-01	7.255386e-02	1.916965e-01	-1.191426e-01	1.554195e-01	-1.697187e-02	4.513254e-03	2.743354e-02	1.823003e-02	9.203519e-03
337           	4.107471e-01	1.883768e-01	2.223703e-01	7.278795e-02	1.918811e-01	-1.190931e-01	1.554871e-01	-1.699673e-02	4.312273e-03	2.760492e-02	1.811473e-02	9.490186e-03
338           	4.110353e-01	1.884417e-01	2.225936e-01	7.307403e-02	1.921277e-01	-1.190537e-01	1.555907e-01	-1.707597e-02	4.082770e-03	2.784465e-02	1.800510e-02	9.839558e-03
339           	4.112379e-01	1.884685e-01	2.227694e-01	7.331202e-02	1.923039e-01	-1.189919e-01	1.556479e-01	-1.715048e-02	3.863206e-03	2.797998e-02	1.785320e-02	1.012679e-02
340           	4.114429e-01	1.884488e-01	2.229941e-01	7.354993e-02	1.924356e-01	-1.188856e-01	1.556606e-01	-1.727268e-02	3.635868e-03	2.816690e-02	1.771932e-02	1.044758e-02
341           	4.114827e-01	1.883701e-01	2.231125e-01	7.369670e-02	1.924643e-01	-1.187676e-01	1.556160e-01	-1.737120e-02	3.455099e-03	2.821290e-02	1.756155e-02	1.065135e-02
342           	4.115088e-01	1.882782e-01	2.232306e-01	7.376091e-02	1.924181e-01	-1.186572e-01	1.555377e-01	-1.747620e-02	3.283268e-03	2.826497e-02	1.741575e-02	1.084922e-02
343           	4.113148e-01	1.881285e-01	2.231863e-01	7.370076e-02	1.922104e-01	-1.185097e-01	1.553601e-01	-1.752894e-02	3.146279e-03	2.819044e-02	1.724150e-02	1.094894e-02
344           	4.111811e-01	1.880257e-01	2.231554e-01	7.362157e-02	1.920086e-01	-1.183871e-01	1.551979e-01	-1.756488e-02	3.016739e-03	2.811659e-02	1.707504e-02	1.104156e-02
345           	4.109672e-01	1.879416e-01	2.230256e-01	7.343972e-02	1.917281e-01	-1.182884e-01	1.550082e-01	-1.754204e-02	2.894503e-03	2.794757e-02	1.686829e-02	1.107928e-02
346           	4.108445e-01	1.879467e-01	2.228978e-01	7.330067e-02	1.914941e-01	-1.181934e-01	1.548437e-01	-1.747560e-02	2.762505e-03	2.773069e-02	1.662785e-02	1.110284e-02
347           	4.106986e-01	1.880003e-01	2.226982e-01	7.314932e-02	1.912766e-01	-1.181273e-01	1.547020e-01	-1.734897e-02	2.627916e-03	2.743870e-02	1.634727e-02	1.109143e-02
348           	4.106638e-01	1.881753e-01	2.224885e-01	7.306873e-02	1.911469e-01	-1.180782e-01	1.546126e-01	-1.715663e-02	2.501671e-03	2.704127e-02	1.602231e-02	1.101896e-02
349           	4.106015e-01	1.884045e-01	2.221970e-01	7.296185e-02	1.910259e-01	-1.180641e-01	1.545450e-01	-1.689625e-02	2.377410e-03	2.652856e-02	1.564169e-02	1.088687e-02
350           	4.106357e-01	1.887331e-01	2.219026e-01	7.291803e-02	1.909927e-01	-1.180747e-01	1.545337e-01	-1.658474e-02	2.259706e-03	2.592715e-02	1.522328e-02	1.070387e-02
351           	4.106482e-01	1.890789e-01	2.215693e-01	7.285048e-02	1.909788e-01	-1.181283e-01	1.545536e-01	-1.624522e-02	2.159733e-03	2.527393e-02	1.479670e-02	1.047723e-02
352           	4.107217e-01	1.894648e-01	2.212568e-01	7.282769e-02	1.910144e-01	-1.181867e-01	1.546006e-01	-1.589602e-02	2.098076e-03	2.459838e-02	1.439726e-02	1.020111e-02
353           	4.107328e-01	1.897975e-01	2.209354e-01	7.277254e-02	1.910430e-01	-1.182704e-01	1.546567e-01	-1.556894e-02	2.065965e-03	2.396322e-02	1.404757e-02	9.915645e-03
354           	4.108401e-01	1.901355e-01	2.207046e-01	7.274508e-02	1.911463e-01	-1.184012e-01	1.547738e-01	-1.528458e-02	2.065961e-03	2.340747e-02	1.376970e-02	9.637775e-03
355           	4.108736e-01	1.903890e-01	2.204846e-01	7.262816e-02	1.911761e-01	-1.185479e-01	1.548620e-01	-1.504783e-02	2.081821e-03	2.294099e-02	1.355232e-02	9.388676e-03
356           	4.109401e-01	1.905981e-01	2.203420e-01	7.252961e-02	1.912085e-01	-1.186789e-01	1.549437e-01	-1.487196e-02	2.124249e-03	2.256094e-02	1.340472e-02	9.156221e-03
357           	4.109966e-01	1.908856e-01	2.201110e-01	7.233609e-02	1.912121e-01	-1.188760e-01	1.550440e-01	-1.461267e-02	2.163540e-03	2.201003e-02	1.316856e-02	8.841475e-03
358           	4.110003e-01	1.910228e-01	2.199775e-01	7.220258e-02	1.911713e-01	-1.189687e-01	1.550700e-01	-1.447735e-02	2.221812e-03	2.165794e-02	1.305078e-02	8.607156e-03
359           	4.109873e-01	1.912535e-01	2.197338e-01	7.199057e-02	1.911001e-01	-1.191095e-01	1.551048e-01	-1.424019e-02	2.239997e-03	2.110931e-02	1.279465e-02	8.314656e-03
360           	4.109472e-01	1.914048e-01	2.195424e-01	7.190908e-02	1.910618e-01	-1.191527e-01	1.551073e-01	-1.406883e-02	2.264909e-03	2.067506e-02	1.260244e-02	8.072623e-03
361           	4.108347e-01	1.915203e-01	2.193144e-01	7.182160e-02	1.909839e-01	-1.191623e-01	1.550731e-01	-1.389705e-02	2.284365e-03	2.023316e-02	1.240094e-02	7.832212e-03
362           	4.107418e-01	1.916170e-01	2.191248e-01	7.178271e-02	1.909108e-01	-1.191281e-01	1.550194e-01	-1.375388e-02	2.283071e-03	1.987399e-02	1.222006e-02	7.653924e-03
363           	4.106378e-01	1.916731e-01	2.189647e-01	7.176299e-02	1.908595e-01	-1.190965e-01	1.549780e-01	-1.364581e-02	2.279845e-03	1.960358e-02	1.208164e-02	7.521947e-03
364           	4.105606e-01	1.916952e-01	2.188654e-01	7.178155e-02	1.908108e-01	-1.190292e-01	1.549200e-01	-1.358511e-02	2.264958e-03	1.945996e-02	1.199494e-02	7.465020e-03
365           	4.104513e-01	1.916805e-01	2.187708e-01	7.179841e-02	1.907673e-01	-1.189689e-01	1.548681e-01	-1.354512e-02	2.263201e-03	1.936795e-02	1.194718e-02	7.420773e-03
366           	4.104056e-01	1.916592e-01	2.187463e-01	7.189696e-02	1.907951e-01	-1.188982e-01	1.548466e-01	-1.354356e-02	2.240616e-03	1.937066e-02	1.192595e-02	7.444716e-03
367           	4.102474e-01	1.915828e-01	2.186646e-01	7.195525e-02	1.907582e-01	-1.188029e-01	1.547805e-01	-1.354090e-02	2.225633e-03	1.936773e-02	1.190950e-02	7.458230e-03
368           	4.100877e-01	1.914759e-01	2.186118e-01	7.205734e-02	1.907257e-01	-1.186684e-01	1.546971e-01	-1.356793e-02	2.182755e-03	1.942885e-02	1.189718e-02	7.531670e-03
369           	4.098387e-01	1.913273e-01	2.185114e-01	7.213044e-02	1.906544e-01	-1.185240e-01	1.545892e-01	-1.359202e-02	2.133438e-03	1.946554e-02	1.186621e-02	7.599332e-03
370           	4.096158e-01	1.911762e-01	2.184396e-01	7.224245e-02	1.905989e-01	-1.183565e-01	1.544777e-01	-1.363169e-02	2.041694e-03	1.954259e-02	1.181299e-02	7.729602e-03
371           	4.093409e-01	1.910168e-01	2.183241e-01	7.230469e-02	1.905114e-01	-1.182067e-01	1.543590e-01	-1.365362e-02	1.943797e-03	1.956400e-02	1.172580e-02	7.838202e-03
372           	4.091647e-01	1.908975e-01	2.182672e-01	7.241112e-02	1.904895e-01	-1.180783e-01	1.542839e-01	-1.368488e-02	1.814549e-03	1.961261e-02	1.162085e-02	7.991755e-03
373           	4.089640e-01	1.907786e-01	2.181854e-01	7.246276e-02	1.904431e-01	-1.179804e-01	1.542117e-01	-1.370341e-02	1.697902e-03	1.961739e-02	1.150659e-02	8.110791e-03
374           	4.088496e-01	1.906753e-01	2.181742e-01	7.255027e-02	1.904478e-01	-1.178975e-01	1.541727e-01	-1.374947e-02	1.558678e-03	1.968360e-02	1.140048e-02	8.283122e-03
375           	4.087504e-01	1.905784e-01	2.181720e-01	7.261283e-02	1.904733e-01	-1.178605e-01	1.541669e-01	-1.379681e-02	1.440741e-03	1.974229e-02	1.131189e-02	8.430404e-03
376           	4.087398e-01	1.904977e-01	2.182421e-01	7.270946e-02	1.905490e-01	-1.178395e-01	1.541943e-01	-1.387219e-02	1.323340e-03	1.988562e-02	1.126615e-02	8.619471e-03
377           	4.087183e-01	1.904062e-01	2.183121e-01	7.275309e-02	1.906144e-01	-1.178614e-01	1.542379e-01	-1.395295e-02	1.239883e-03	2.003667e-02	1.125822e-02	8.778453e-03
378           	4.087768e-01	1.903438e-01	2.184330e-01	7.285242e-02	1.907392e-01	-1.178868e-01	1.543130e-01	-1.404459e-02	1.165633e-03	2.022541e-02	1.127834e-02	8.947074e-03
379           	4.087976e-01	1.902736e-01	2.185240e-01	7.288128e-02	1.908170e-01	-1.179357e-01	1.543764e-01	-1.412522e-02	1.115553e-03	2.037987e-02	1.130549e-02	9.074381e-03
380           	4.088745e-01	1.902352e-01	2.186393e-01	7.295815e-02	1.909352e-01	-1.179771e-01	1.544562e-01	-1.420206e-02	1.078598e-03	2.053568e-02	1.134644e-02	9.189240e-03
381           	4.089022e-01	1.901806e-01	2.187216e-01	7.300760e-02	1.910441e-01	-1.180365e-01	1.545403e-01	-1.427051e-02	1.064450e-03	2.065510e-02	1.139200e-02	9.263102e-03
382           	4.089992e-01	1.901433e-01	2.188559e-01	7.297733e-02	1.910753e-01	-1.180980e-01	1.545867e-01	-1.435627e-02	1.033859e-03	2.083210e-02	1.144991e-02	9.382191e-03
383           	4.090037e-01	1.900758e-01	2.189279e-01	7.296498e-02	1.911032e-01	-1.181382e-01	1.546207e-01	-1.442608e-02	1.033772e-03	2.095498e-02	1.151126e-02	9.443717e-03
384           	4.091032e-01	1.900678e-01	2.190354e-01	7.300095e-02	1.911881e-01	-1.181871e-01	1.546876e-01	-1.448381e-02	1.025372e-03	2.106410e-02	1.155742e-02	9.506678e-03
385           	4.091344e-01	1.900983e-01	2.190362e-01	7.301300e-02	1.912539e-01	-1.182409e-01	1.547474e-01	-1.446896e-02	1.037800e-03	2.100754e-02	1.154157e-02	9.465969e-03
386           	4.092093e-01	1.901855e-01	2.190238e-01	7.304405e-02	1.913326e-01	-1.182885e-01	1.548106e-01	-1.441912e-02	1.069315e-03	2.089476e-02	1.151670e-02	9.378065e-03
387           	4.091725e-01	1.902600e-01	2.189125e-01	7.304702e-02	1.913545e-01	-1.183075e-01	1.548310e-01	-1.432624e-02	1.122690e-03	2.067075e-02	1.145807e-02	9.212687e-03
388           	4.091800e-01	1.904051e-01	2.187749e-01	7.302270e-02	1.913660e-01	-1.183433e-01	1.548547e-01	-1.418487e-02	1.184840e-03	2.035980e-02	1.136474e-02	8.995059e-03
389           	4.090739e-01	1.905563e-01	2.185176e-01	7.297450e-02	1.913303e-01	-1.183558e-01	1.548430e-01	-1.398065e-02	1.274706e-03	1.988454e-02	1.121697e-02	8.667562e-03
390           	4.090313e-01	1.907835e-01	2.182478e-01	7.290724e-02	1.913118e-01	-1.184046e-01	1.548582e-01	-1.373215e-02	1.384913e-03	1.931145e-02	1.104064e-02	8.270811e-03
391           	4.089146e-01	1.909866e-01	2.179280e-01	7.286055e-02	1.912864e-01	-1.184259e-01	1.548562e-01	-1.347066e-02	1.519852e-03	1.866699e-02	1.085335e-02	7.813646e-03
392           	4.088696e-01	1.912003e-01	2.176693e-01	7.280493e-02	1.912803e-01	-1.184754e-01	1.548779e-01	-1.323452e-02	1.650398e-03	1.807710e-02	1.068895e-02	7.388150e-03
393           	4.087595e-01	1.913378e-01	2.174217e-01	7.282650e-02	1.913016e-01	-1.184751e-01	1.548883e-01	-1.304196e-02	1.784844e-03	1.752126e-02	1.054547e-02	6.975786e-03
394           	4.087442e-01	1.914311e-01	2.173131e-01	7.279025e-02	1.912956e-01	-1.185054e-01	1.549005e-01	-1.294099e-02	1.891594e-03	1.718656e-02	1.048487e-02	6.701684e-03
395           	4.087139e-01	1.914514e-01	2.172625e-01	7.280311e-02	1.913145e-01	-1.185114e-01	1.549130e-01	-1.290558e-02	1.981200e-03	1.697777e-02	1.047009e-02	6.507685e-03
396           	4.087730e-01	1.914835e-01	2.172895e-01	7.278921e-02	1.913384e-01	-1.185492e-01	1.549438e-01	-1.290301e-02	2.048888e-03	1.689730e-02	1.049754e-02	6.399762e-03
397           	4.088124e-01	1.914858e-01	2.173266e-01	7.284851e-02	1.914135e-01	-1.185649e-01	1.549892e-01	-1.292037e-02	2.100130e-03	1.687733e-02	1.053880e-02	6.338537e-03
398           	4.089329e-01	1.915415e-01	2.173914e-01	7.289582e-02	1.915046e-01	-1.186088e-01	1.550567e-01	-1.292497e-02	2.137296e-03	1.689734e-02	1.058597e-02	6.311375e-03
399           	4.090124e-01	1.915758e-01	2.174366e-01	7.302677e-02	1.916389e-01	-1.186121e-01	1.551255e-01	-1.293044e-02	2.161096e-03	1.691998e-02	1.062109e-02	6.298894e-03
400           	4.091301e-01	1.916320e-01	2.174982e-01	7.311967e-02	1.917458e-01	-1.186262e-01	1.551860e-01	-1.293310e-02	2.164472e-03	1.699609e-02	1.066251e-02	6.333571e-03
401           	4.091521e-01	1.916182e-01	2.175339e-01	7.328764e-02	1.918647e-01	-1.185771e-01	1.552209e-01	-1.295789e-02	2.159070e-03	1.710148e-02	1.070981e-02	6.391672e-03
402           	4.092121e-01	1.915684e-01	2.176437e-01	7.339460e-02	1.919459e-01	-1.185513e-01	1.552486e-01	-1.303762e-02	2.110994e-03	1.736807e-02	1.079503e-02	6.573042e-03
403           	4.092060e-01	1.914501e-01	2.177559e-01	7.353050e-02	1.920280e-01	-1.184975e-01	1.552628e-01	-1.315288e-02	2.043163e-03	1.769755e-02	1.089194e-02	6.805610e-03
404           	4.092178e-01	1.913145e-01	2.179034e-01	7.356150e-02	1.920375e-01	-1.184760e-01	1.552568e-01	-1.329443e-02	1.945216e-03	1.811833e-02	1.100438e-02	7.113951e-03
405           	4.091430e-01	1.911113e-01	2.180318e-01	7.355036e-02	1.920008e-01	-1.184504e-01	1.552256e-01	-1.346024e-02	1.828327e-03	1.857398e-02	1.111532e-02	7.458662e-03
406           	4.090635e-01	1.909046e-01	2.181589e-01	7.340618e-02	1.918608e-01	-1.184546e-01	1.551577e-01	-1.362714e-02	1.688138e-03	1.906033e-02	1.121830e-02	7.842029e-03
407           	4.089399e-01	1.906979e-01	2.182420e-01	7.325958e-02	1.917152e-01	-1.184556e-01	1.550854e-01	-1.377204e-02	1.550331e-03	1.946328e-02	1.128197e-02	8.181310e-03
408           	4.088105e-01	1.905164e-01	2.182941e-01	7.304437e-02	1.915001e-01	-1.184558e-01	1.549780e-01	-1.388886e-02	1.414320e-03	1.981290e-02	1.132077e-02	8.492128e-03
409           	4.087049e-01	1.903783e-01	2.183266e-01	7.285232e-02	1.913217e-01	-1.184694e-01	1.548955e-01	-1.397415e-02	1.308252e-03	2.003352e-02	1.132501e-02	8.708510e-03
410           	4.086297e-01	1.902655e-01	2.183641e-01	7.267730e-02	1.911516e-01	-1.184743e-01	1.548130e-01	-1.404929e-02	1.223471e-03	2.023016e-02	1.133855e-02	8.891608e-03
411           	4.085773e-01	1.901729e-01	2.184044e-01	7.254254e-02	1.910301e-01	-1.184875e-01	1.547588e-01	-1.411573e-02	1.173459e-03	2.034867e-02	1.134780e-02	9.000877e-03
412           	4.085717e-01	1.900956e-01	2.184760e-01	7.242589e-02	1.909255e-01	-1.184996e-01	1.547126e-01	-1.419021e-02	1.144672e-03	2.048784e-02	1.138859e-02	9.099246e-03
413           	4.085983e-01	1.900422e-01	2.185561e-01	7.237741e-02	1.909035e-01	-1.185261e-01	1.547148e-01	-1.425692e-02	1.148147e-03	2.056660e-02	1.143145e-02	9.135155e-03
414           	4.086645e-01	1.899967e-01	2.186678e-01	7.232499e-02	1.908881e-01	-1.185631e-01	1.547256e-01	-1.433556e-02	1.157741e-03	2.068561e-02	1.150055e-02	9.185066e-03
415           	4.087196e-01	1.899711e-01	2.187485e-01	7.229477e-02	1.909048e-01	-1.186100e-01	1.547574e-01	-1.438871e-02	1.199376e-03	2.071810e-02	1.155842e-02	9.159672e-03
416           	4.087932e-01	1.899738e-01	2.188193e-01	7.225356e-02	1.909192e-01	-1.186656e-01	1.547924e-01	-1.442276e-02	1.245854e-03	2.074189e-02	1.161680e-02	9.125091e-03
417           	4.088669e-01	1.900015e-01	2.188654e-01	7.225057e-02	1.909867e-01	-1.187361e-01	1.548614e-01	-1.443194e-02	1.307198e-03	2.069234e-02	1.165337e-02	9.038974e-03
418           	4.089606e-01	1.900632e-01	2.188973e-01	7.221723e-02	1.910417e-01	-1.188245e-01	1.549331e-01	-1.441703e-02	1.357765e-03	2.062997e-02	1.167275e-02	8.957221e-03
419           	4.090565e-01	1.901447e-01	2.189118e-01	7.220525e-02	1.911405e-01	-1.189352e-01	1.550378e-01	-1.438355e-02	1.407517e-03	2.049808e-02	1.165656e-02	8.841524e-03
420           	4.091567e-01	1.902570e-01	2.188997e-01	7.213941e-02	1.911959e-01	-1.190565e-01	1.551262e-01	-1.432133e-02	1.438703e-03	2.033938e-02	1.160839e-02	8.730986e-03
421           	4.092721e-01	1.903862e-01	2.188859e-01	7.208073e-02	1.912867e-01	-1.192060e-01	1.552463e-01	-1.424986e-02	1.461682e-03	2.013666e-02	1.153001e-02	8.606646e-03
422           	4.094265e-01	1.905704e-01	2.188561e-01	7.201239e-02	1.913844e-01	-1.193720e-01	1.553782e-01	-1.414286e-02	1.477395e-03	1.990576e-02	1.143028e-02	8.475485e-03
423           	4.096308e-01	1.907832e-01	2.188476e-01	7.196340e-02	1.915348e-01	-1.195714e-01	1.555531e-01	-1.403218e-02	1.491742e-03	1.965860e-02	1.132104e-02	8.337557e-03
424           	4.098588e-01	1.910302e-01	2.188285e-01	7.191359e-02	1.916917e-01	-1.197781e-01	1.557349e-01	-1.389916e-02	1.507678e-03	1.941162e-02	1.121349e-02	8.198130e-03
425           	4.101004e-01	1.912681e-01	2.188322e-01	7.191091e-02	1.919023e-01	-1.199914e-01	1.559468e-01	-1.378206e-02	1.540614e-03	1.916902e-02	1.112512e-02	8.043896e-03
426           	4.103322e-01	1.914965e-01	2.188357e-01	7.187786e-02	1.920658e-01	-1.201879e-01	1.561268e-01	-1.366961e-02	1.585076e-03	1.895834e-02	1.106424e-02	7.894093e-03
427           	4.105745e-01	1.916747e-01	2.188997e-01	7.189934e-02	1.922816e-01	-1.203823e-01	1.563320e-01	-1.361249e-02	1.643639e-03	1.882721e-02	1.105724e-02	7.769965e-03
428           	4.108047e-01	1.918130e-01	2.189917e-01	7.190289e-02	1.924572e-01	-1.205543e-01	1.565058e-01	-1.358934e-02	1.706189e-03	1.879311e-02	1.110274e-02	7.690364e-03
429           	4.110520e-01	1.919133e-01	2.191387e-01	7.193178e-02	1.926557e-01	-1.207240e-01	1.566899e-01	-1.361270e-02	1.786820e-03	1.881232e-02	1.119298e-02	7.619340e-03
430           	4.112969e-01	1.919810e-01	2.193159e-01	7.195779e-02	1.928365e-01	-1.208787e-01	1.568576e-01	-1.366747e-02	1.851177e-03	1.891643e-02	1.130939e-02	7.607037e-03
431           	4.115180e-01	1.920129e-01	2.195050e-01	7.198943e-02	1.929849e-01	-1.209955e-01	1.569902e-01	-1.374605e-02	1.925949e-03	1.903719e-02	1.144455e-02	7.592648e-03
432           	4.117509e-01	1.920258e-01	2.197251e-01	7.202424e-02	1.931289e-01	-1.211047e-01	1.571168e-01	-1.384967e-02	1.980823e-03	1.922857e-02	1.159511e-02	7.633465e-03
433           	4.119613e-01	1.920123e-01	2.199490e-01	7.210717e-02	1.932892e-01	-1.211820e-01	1.572356e-01	-1.396836e-02	2.035452e-03	1.942717e-02	1.174904e-02	7.678131e-03
434           	4.121868e-01	1.919890e-01	2.201978e-01	7.213935e-02	1.933988e-01	-1.212595e-01	1.573292e-01	-1.410438e-02	2.054168e-03	1.969438e-02	1.190136e-02	7.793024e-03
435           	4.123695e-01	1.919353e-01	2.204341e-01	7.219954e-02	1.934980e-01	-1.212985e-01	1.573982e-01	-1.424941e-02	2.066690e-03	1.996016e-02	1.204677e-02	7.913391e-03
436           	4.125154e-01	1.918551e-01	2.206602e-01	7.222272e-02	1.935450e-01	-1.213222e-01	1.574336e-01	-1.440256e-02	2.041028e-03	2.027770e-02	1.217988e-02	8.097822e-03
437           	4.126128e-01	1.917644e-01	2.208484e-01	7.228973e-02	1.936048e-01	-1.213151e-01	1.574599e-01	-1.454205e-02	2.027737e-03	2.054802e-02	1.230175e-02	8.246271e-03
438           	4.127157e-01	1.916457e-01	2.210700e-01	7.231864e-02	1.936387e-01	-1.213201e-01	1.574794e-01	-1.471211e-02	1.980097e-03	2.092687e-02	1.244353e-02	8.483337e-03
439           	4.127624e-01	1.915250e-01	2.212374e-01	7.236525e-02	1.936763e-01	-1.213111e-01	1.574937e-01	-1.485617e-02	1.954632e-03	2.123451e-02	1.257189e-02	8.662623e-03
440           	4.128027e-01	1.913860e-01	2.214167e-01	7.234921e-02	1.936624e-01	-1.213132e-01	1.574878e-01	-1.501537e-02	1.895358e-03	2.161799e-02	1.270435e-02	8.913636e-03
441           	4.127935e-01	1.912642e-01	2.215293e-01	7.237445e-02	1.936689e-01	-1.212945e-01	1.574817e-01	-1.513253e-02	1.871824e-03	2.188158e-02	1.281262e-02	9.068967e-03
442           	4.127915e-01	1.911361e-01	2.216553e-01	7.236821e-02	1.936655e-01	-1.212973e-01	1.574814e-01	-1.525961e-02	1.816944e-03	2.219379e-02	1.291384e-02	9.279951e-03
443           	4.127657e-01	1.910313e-01	2.217343e-01	7.239604e-02	1.936878e-01	-1.212918e-01	1.574898e-01	-1.535150e-02	1.797668e-03	2.239073e-02	1.299303e-02	9.397695e-03
444           	4.127311e-01	1.909172e-01	2.218139e-01	7.240079e-02	1.936807e-01	-1.212799e-01	1.574803e-01	-1.544833e-02	1.762889e-03	2.260867e-02	1.306722e-02	9.541445e-03
445           	4.126878e-01	1.908161e-01	2.218717e-01	7.245956e-02	1.937257e-01	-1.212662e-01	1.574960e-01	-1.552778e-02	1.745048e-03	2.273522e-02	1.311266e-02	9.622563e-03
446           	4.126427e-01	1.907171e-01	2.219256e-01	7.251720e-02	1.937520e-01	-1.212348e-01	1.574934e-01	-1.560427e-02	1.709949e-03	2.285460e-02	1.313725e-02	9.717352e-03
447           	4.126058e-01	1.906248e-01	2.219810e-01	7.264344e-02	1.938268e-01	-1.211833e-01	1.575050e-01	-1.567811e-02	1.694474e-03	2.292083e-02	1.315489e-02	9.765940e-03
448           	4.125770e-01	1.905316e-01	2.220453e-01	7.276168e-02	1.938893e-01	-1.211277e-01	1.575085e-01	-1.575683e-02	1.659528e-03	2.301267e-02	1.316586e-02	9.846807e-03
449           	4.125607e-01	1.904497e-01	2.221109e-01	7.292712e-02	1.939959e-01	-1.210688e-01	1.575324e-01	-1.583060e-02	1.646430e-03	2.305827e-02	1.317556e-02	9.882704e-03
450           	4.125482e-01	1.903708e-01	2.221775e-01	7.305842e-02	1.940692e-01	-1.210107e-01	1.575399e-01	-1.590336e-02	1.610273e-03	2.313029e-02	1.317542e-02	9.954874e-03
451           	4.125283e-01	1.903059e-01	2.222224e-01	7.320367e-02	1.941639e-01	-1.209602e-01	1.575621e-01	-1.595827e-02	1.587657e-03	2.314013e-02	1.315772e-02	9.982406e-03
452           	4.124750e-01	1.902390e-01	2.222361e-01	7.330019e-02	1.941998e-01	-1.208996e-01	1.575497e-01	-1.599855e-02	1.552382e-03	2.316303e-02	1.313390e-02	1.002913e-02
453           	4.124349e-01	1.901837e-01	2.222513e-01	7.340486e-02	1.942648e-01	-1.208600e-01	1.575624e-01	-1.603380e-02	1.534830e-03	2.316305e-02	1.311635e-02	1.004669e-02
454           	4.123890e-01	1.901349e-01	2.222541e-01	7.343950e-02	1.942813e-01	-1.208418e-01	1.575616e-01	-1.605961e-02	1.497230e-03	2.319058e-02	1.309252e-02	1.009806e-02
455           	4.123290e-01	1.901128e-01	2.222162e-01	7.345595e-02	1.942913e-01	-1.208353e-01	1.575633e-01	-1.605168e-02	1.481007e-03	2.313254e-02	1.304728e-02	1.008526e-02
456           	4.122759e-01	1.900963e-01	2.221796e-01	7.340861e-02	1.942534e-01	-1.208448e-01	1.575491e-01	-1.604166e-02	1.434509e-03	2.311668e-02	1.299285e-02	1.012383e-02
457           	4.121997e-01	1.901106e-01	2.220891e-01	7.339311e-02	1.942470e-01	-1.208539e-01	1.575504e-01	-1.598928e-02	1.404583e-03	2.298595e-02	1.289756e-02	1.008839e-02
458           	4.121676e-01	1.901608e-01	2.220068e-01	7.333974e-02	1.942258e-01	-1.208861e-01	1.575559e-01	-1.592302e-02	1.361128e-03	2.286698e-02	1.279462e-02	1.007236e-02
459           	4.121627e-01	1.902443e-01	2.219184e-01	7.331845e-02	1.942461e-01	-1.209277e-01	1.575869e-01	-1.583708e-02	1.334184e-03	2.268584e-02	1.267710e-02	1.000874e-02
460           	4.121581e-01	1.903460e-01	2.218122e-01	7.328513e-02	1.942511e-01	-1.209660e-01	1.576085e-01	-1.573312e-02	1.293177e-03	2.250269e-02	1.254452e-02	9.958168e-03
461           	4.121701e-01	1.904756e-01	2.216945e-01	7.329041e-02	1.942956e-01	-1.210052e-01	1.576504e-01	-1.560949e-02	1.270536e-03	2.225297e-02	1.239702e-02	9.855947e-03
462           	4.122095e-01	1.906272e-01	2.215824e-01	7.330673e-02	1.943522e-01	-1.210455e-01	1.576988e-01	-1.547761e-02	1.243286e-03	2.202010e-02	1.225333e-02	9.766762e-03
463           	4.122606e-01	1.907818e-01	2.214788e-01	7.334998e-02	1.944461e-01	-1.210962e-01	1.577711e-01	-1.534849e-02	1.237432e-03	2.177020e-02	1.212253e-02	9.647670e-03
464           	4.123191e-01	1.909400e-01	2.213791e-01	7.335812e-02	1.945150e-01	-1.211569e-01	1.578359e-01	-1.521951e-02	1.234104e-03	2.155348e-02	1.201084e-02	9.542638e-03
465           	4.123719e-01	1.910964e-01	2.212755e-01	7.337530e-02	1.945986e-01	-1.212233e-01	1.579109e-01	-1.508958e-02	1.251421e-03	2.130300e-02	1.190292e-02	9.400081e-03
466           	4.124168e-01	1.912502e-01	2.211666e-01	7.335569e-02	1.946514e-01	-1.212957e-01	1.579735e-01	-1.495817e-02	1.259121e-03	2.107964e-02	1.179894e-02	9.280699e-03
467           	4.124746e-01	1.914102e-01	2.210644e-01	7.334795e-02	1.947193e-01	-1.213713e-01	1.580453e-01	-1.482709e-02	1.286295e-03	2.082813e-02	1.170036e-02	9.127769e-03
468           	4.125311e-01	1.915704e-01	2.209607e-01	7.329247e-02	1.947394e-01	-1.214470e-01	1.580932e-01	-1.469512e-02	1.311603e-03	2.060506e-02	1.161414e-02	8.990929e-03
469           	4.125879e-01	1.917171e-01	2.208709e-01	7.327800e-02	1.947943e-01	-1.215163e-01	1.581553e-01	-1.457691e-02	1.346962e-03	2.038126e-02	1.153759e-02	8.843667e-03
470           	4.126367e-01	1.918664e-01	2.207702e-01	7.321489e-02	1.947934e-01	-1.215785e-01	1.581860e-01	-1.445190e-02	1.375074e-03	2.017025e-02	1.146020e-02	8.710051e-03
471           	4.126866e-01	1.920106e-01	2.206761e-01	7.318477e-02	1.948094e-01	-1.216246e-01	1.582170e-01	-1.433275e-02	1.413296e-03	1.994423e-02	1.138541e-02	8.558818e-03
472           	4.127239e-01	1.921418e-01	2.205822e-01	7.314878e-02	1.948083e-01	-1.216595e-01	1.582339e-01	-1.422019e-02	1.437812e-03	1.975742e-02	1.131652e-02	8.440897e-03
473           	4.127654e-01	1.922468e-01	2.205186e-01	7.309921e-02	1.947746e-01	-1.216753e-01	1.582249e-01	-1.413586e-02	1.463699e-03	1.962222e-02	1.127481e-02	8.347414e-03
474           	4.127949e-01	1.923442e-01	2.204508e-01	7.310652e-02	1.947863e-01	-1.216798e-01	1.582330e-01	-1.405329e-02	1.491095e-03	1.949608e-02	1.123913e-02	8.256944e-03
475           	4.128432e-01	1.924149e-01	2.204283e-01	7.311017e-02	1.947958e-01	-1.216856e-01	1.582407e-01	-1.400669e-02	1.510945e-03	1.943335e-02	1.122762e-02	8.205732e-03
476           	4.128811e-01	1.924744e-01	2.204067e-01	7.307279e-02	1.947601e-01	-1.216873e-01	1.582237e-01	-1.396613e-02	1.525199e-03	1.939846e-02	1.122443e-02	8.174033e-03
477           	4.129217e-01	1.925042e-01	2.204175e-01	7.308595e-02	1.947652e-01	-1.216793e-01	1.582223e-01	-1.395662e-02	1.547403e-03	1.940739e-02	1.125110e-02	8.156293e-03
478           	4.129516e-01	1.925075e-01	2.204441e-01	7.307163e-02	1.947421e-01	-1.216705e-01	1.582063e-01	-1.396827e-02	1.552018e-03	1.948259e-02	1.129331e-02	8.189277e-03
479           	4.129888e-01	1.924889e-01	2.204999e-01	7.308809e-02	1.947424e-01	-1.216543e-01	1.581984e-01	-1.400549e-02	1.568476e-03	1.958438e-02	1.136067e-02	8.223716e-03
480           	4.129831e-01	1.924364e-01	2.205467e-01	7.304708e-02	1.946746e-01	-1.216275e-01	1.581511e-01	-1.405516e-02	1.558813e-03	1.972797e-02	1.142280e-02	8.305172e-03
481           	4.129453e-01	1.923718e-01	2.205735e-01	7.305633e-02	1.946371e-01	-1.215807e-01	1.581089e-01	-1.410089e-02	1.563114e-03	1.983314e-02	1.147968e-02	8.353454e-03
482           	4.129082e-01	1.922961e-01	2.206120e-01	7.300930e-02	1.945570e-01	-1.215477e-01	1.580524e-01	-1.415795e-02	1.536979e-03	1.997605e-02	1.152500e-02	8.451046e-03
483           	4.128663e-01	1.922259e-01	2.206403e-01	7.300231e-02	1.945075e-01	-1.215052e-01	1.580064e-01	-1.420722e-02	1.526891e-03	2.006840e-02	1.156109e-02	8.507309e-03
484           	4.127990e-01	1.921285e-01	2.206705e-01	7.292932e-02	1.944039e-01	-1.214746e-01	1.579393e-01	-1.427103e-02	1.483129e-03	2.020784e-02	1.158705e-02	8.620790e-03
485           	4.127305e-01	1.920511e-01	2.206794e-01	7.287632e-02	1.943195e-01	-1.214431e-01	1.578813e-01	-1.431412e-02	1.467191e-03	2.026349e-02	1.159893e-02	8.664552e-03
486           	4.126406e-01	1.919573e-01	2.206833e-01	7.276389e-02	1.941848e-01	-1.214209e-01	1.578028e-01	-1.436302e-02	1.428774e-03	2.034952e-02	1.160353e-02	8.745984e-03
487           	4.125696e-01	1.918814e-01	2.206882e-01	7.270322e-02	1.941155e-01	-1.214123e-01	1.577639e-01	-1.440343e-02	1.418244e-03	2.038388e-02	1.161018e-02	8.773696e-03
488           	4.124916e-01	1.917855e-01	2.207060e-01	7.256481e-02	1.939838e-01	-1.214190e-01	1.577014e-01	-1.446025e-02	1.397678e-03	2.048225e-02	1.163880e-02	8.843448e-03
489           	4.124456e-01	1.917165e-01	2.207291e-01	7.246493e-02	1.939086e-01	-1.214437e-01	1.576761e-01	-1.450629e-02	1.413140e-03	2.052009e-02	1.167319e-02	8.846906e-03
490           	4.123883e-01	1.916214e-01	2.207669e-01	7.230532e-02	1.937875e-01	-1.214822e-01	1.576348e-01	-1.457272e-02	1.417069e-03	2.063146e-02	1.173280e-02	8.898660e-03
491           	4.123608e-01	1.915611e-01	2.207997e-01	7.217581e-02	1.937084e-01	-1.215326e-01	1.576205e-01	-1.461926e-02	1.459120e-03	2.066027e-02	1.178926e-02	8.871015e-03
492           	4.123275e-01	1.914926e-01	2.208349e-01	7.199437e-02	1.935784e-01	-1.215840e-01	1.575812e-01	-1.467113e-02	1.488444e-03	2.073133e-02	1.185411e-02	8.877222e-03
493           	4.123251e-01	1.914492e-01	2.208758e-01	7.186799e-02	1.935117e-01	-1.216437e-01	1.575777e-01	-1.471329e-02	1.542171e-03	2.075223e-02	1.191829e-02	8.833944e-03
494           	4.123257e-01	1.914079e-01	2.209179e-01	7.168944e-02	1.933948e-01	-1.217054e-01	1.575501e-01	-1.475501e-02	1.584989e-03	2.080035e-02	1.198516e-02	8.815184e-03
495           	4.123551e-01	1.913945e-01	2.209606e-01	7.154579e-02	1.933196e-01	-1.217738e-01	1.575467e-01	-1.478304e-02	1.643788e-03	2.079277e-02	1.204017e-02	8.752594e-03
496           	4.123557e-01	1.913717e-01	2.209840e-01	7.136765e-02	1.931954e-01	-1.218278e-01	1.575116e-01	-1.480614e-02	1.665774e-03	2.080643e-02	1.206899e-02	8.737439e-03
497           	4.123688e-01	1.913867e-01	2.209822e-01	7.125305e-02	1.931276e-01	-1.218746e-01	1.575011e-01	-1.479776e-02	1.708937e-03	2.073401e-02	1.207594e-02	8.658068e-03
498           	4.124164e-01	1.914088e-01	2.210077e-01	7.110421e-02	1.930327e-01	-1.219285e-01	1.574806e-01	-1.479946e-02	1.711719e-03	2.071968e-02	1.207156e-02	8.648119e-03
499           	4.124438e-01	1.914451e-01	2.209987e-01	7.101169e-02	1.929796e-01	-1.219679e-01	1.574737e-01	-1.477676e-02	1.738277e-03	2.063859e-02	1.205757e-02	8.581020e-03
500           	4.124978e-01	1.914861e-01	2.210117e-01	7.087247e-02	1.928866e-01	-1.220141e-01	1.574503e-01	-1.476276e-02	1.726065e-03	2.061219e-02	1.203216e-02	8.580029e-03
